10 00005 0
10 00006 0
10 00007 0
10 00008 0
10 00009 0
10 00010 0
10 00011 0
10 00012 0
10 00013 0
10 00014 0
10 00015 0
10 00016 0
10 00017 0
10 00018 0
10 00019 0
10 00020 0
10 00021 0
10 00022 0
10 00023 0
10 00024 0
10 00025 0
10 00026 0
10 00027 0
10 00028 0
10 00029 0
10 00030 0
10 00031 0
10 00032 0
10 00033 0
10 00034 0
10 00035 0
10 00036 0
10 00037 0
10 00038 0
10 00039 0
10 00040 0
10 00041 0
10 00042 0
10 00043 0
10 00044 0
10 00045 0
10 00046 0
10 00047 0
10 00048 0
10 00049 0
10 00050 0
10 00051 0
10 00052 0
10 00053 0
10 00054 0
10 00055 0
10 00056 0
10 00057 0
10 00058 0
10 00059 0
10 00060 0
10 00061 0
10 00062 0
10 00063 0
10 00064 0
10 00065 0
10 00066 0
10 00067 0
10 00068 0
10 00069 0
10 00070 0
10 00071 0
10 00072 0
10 00073 0
10 00074 0
10 00075 0
10 00076 0
10 00077 0
10 00078 0
10 00079 0
10 00080 0
10 00081 0
10 00082 0
10 00083 0
10 00084 0
10 00085 0
10 00086 0
10 00087 0
10 00088 0
10 00089 0
10 00090 0
10 00091 0
10 00092 0
10 00093 0
10 00094 0
10 00095 0
10 00096 0
10 00097 0
10 00098 0
10 00099 0
10 00100 0
10 00101 0
10 00102 0
10 00103 0
10 00104 0
10 00105 0
10 00106 0
10 00107 0
10 00108 0
10 00109 0
10 00110 0
10 00111 0
10 00112 0
10 00113 0
10 00114 0
10 00115 0
10 00116 0
10 00117 0
10 00118 0
10 00119 0
10 00120 0
10 00121 0
10 00122 0
10 00123 0
10 00124 0
10 00125 0
10 00126 0
10 00127 0
10 00128 0
10 00129 0
10 00130 0
10 00131 0
10 00132 0
10 00133 0
10 00134 0
10 00135 0
10 00136 0
10 00137 0
10 00138 0
10 00139 0
10 00140 0
10 00141 0
10 00142 0
10 00143 0
10 00144 0
10 00145 0
10 00146 0
10 00147 0
10 00148 0
10 00149 0
10 00150 0
10 00151 0
10 00152 0
10 00153 0
10 00154 0
10 00155 0
10 00156 0
10 00157 0
10 00158 0
10 00159 0
10 00160 0
10 00161 0
10 00162 0
10 00163 0
10 00164 0
10 00165 0
10 00166 0
10 00167 0
10 00168 0
10 00169 0
10 00170 0
10 00171 0
10 00172 0
10 00173 0
10 00174 0
10 00175 0
10 00176 0
10 00177 0
10 00178 0
10 00179 0
10 00180 0
10 00181 0
10 00182 0
10 00183 0
10 00184 0
10 00185 0
10 00186 0
10 00187 0
10 00188 0
10 00189 0
10 00190 0
10 00191 0
10 00192 0
10 00193 0
10 00194 0
10 00195 0
10 00196 0
10 00197 0
10 00198 0
10 00199 0
10 00200 0
10 00201 0
10 00202 0
10 00203 0
10 00204 0
10 00205 0
10 00206 0
10 00207 0
10 00208 0
10 00209 0
10 00210 0
10 00211 0
10 00212 0
10 00213 0
10 00214 0
10 00215 0
10 00216 0
10 00217 0
10 00218 0
10 00219 0
10 00220 0
10 00221 0
10 00222 0
10 00223 0
10 00224 0
10 00225 0
10 00226 0
10 00227 0
10 00228 0
10 00229 0
10 00230 0
10 00231 0
10 00232 0
10 00233 0
10 00234 0
10 00235 0
10 00236 0
10 00237 0
10 00238 0
10 00239 0
10 00240 0
10 00241 0
10 00242 0
10 00243 0
10 00244 0
10 00245 0
10 00246 0
10 00247 0
10 00248 0
10 00249 0
10 00250 0
10 00251 0
10 00252 0
10 00253 0
10 00254 0
10 00255 0
10 00256 0
10 00257 0
10 00258 0
10 00259 0
10 00260 0
10 00261 0
10 00262 0
10 00263 0
10 00264 0
10 00265 0
10 00266 0
10 00267 0
10 00268 0
10 00269 0
10 00270 0
10 00271 0
10 00272 0
10 00273 0
10 00274 0
10 00275 0
10 00276 0
10 00277 0
10 00278 0
10 00279 0
10 00280 0
10 00281 0
10 00282 0
10 00283 0
10 00284 0
10 00285 0
10 00286 0
10 00287 0
10 00288 0
10 00289 0
10 00290 0
10 00291 0
10 00292 0
10 00293 0
10 00294 0
10 00295 0
10 00296 0
10 00297 0
10 00298 0
10 00299 0
10 00300 0
10 00301 0
10 00302 0
10 00303 0
10 00304 0
10 00305 0
10 00306 0
10 00307 0
10 00308 0
10 00309 0
10 00310 0
10 00311 0
10 00312 0
10 00313 0
10 00314 0
10 00315 0
10 00316 0
10 00317 0
10 00318 0
10 00319 0
10 00320 0
10 00321 0
10 00322 0
10 00323 0
10 00324 0
10 00325 0
10 00326 0
10 00327 0
10 00328 0
10 00329 0
10 00330 0
10 00331 0
10 00332 0
10 00333 0
10 00334 0
10 00335 0
10 00336 0
10 00337 0
10 00338 0
10 00339 0
10 00340 0
10 00341 0
10 00342 0
10 00343 0
10 00344 0
10 00345 0
10 00346 0
10 00347 0
10 00348 0
10 00349 0
10 00350 0
10 00351 0
10 00352 0
10 00353 0
10 00354 0
10 00355 0
10 00356 0
10 00357 0
10 00358 0
10 00359 0
10 00360 0
10 00361 0
10 00362 0
10 00363 0
10 00364 0
10 00365 0
10 00366 0
10 00367 0
10 00368 0
10 00369 0
10 00370 0
10 00371 0
10 00372 0
10 00373 0
10 00374 0
10 00375 0
10 00376 0
10 00377 0
10 00378 0
10 00379 0
10 00380 0
10 00381 0
10 00454 0
10 00455 0
10 00456 0
10 00457 0
10 00458 0
10 00459 0
10 00460 0
10 00461 0
10 00462 0
10 00463 0
10 00464 0
10 00465 0
10 00466 0
10 00467 0
10 00468 0
10 00469 0
10 00470 0
10 00471 0
10 00472 0
10 00473 0
10 00474 0
10 00475 0
10 00476 0
10 00477 0
10 00478 0
10 00479 0
10 00480 0
10 00481 0
10 00482 0
10 00483 0
10 00484 0
10 00485 0
10 00486 0
10 00487 0
10 00488 0
10 00489 0
10 00490 0
10 00491 0
10 00492 0
10 00493 0
10 00494 0
10 00495 0
10 00496 0
10 00497 0
10 00498 0
10 00499 0
10 00500 0
10 00501 0
10 00502 0
10 00503 0
10 00504 0
10 00505 0
10 00506 0
10 00507 0
10 00508 0
10 00509 0
10 00510 0
10 00511 0
10 00512 0
10 00513 0
10 00514 0
10 00515 0
10 00516 0
10 00517 0
10 00518 0
10 00519 0
10 00520 0
10 00521 0
10 00522 0
10 00523 0
10 00524 0
10 00525 0
10 00526 0
10 00527 0
10 00528 0
10 00529 0
10 00530 0
10 00531 0
10 00532 0
10 00533 0
10 00534 0
10 00535 0
10 00536 0
10 00537 0
10 00538 0
10 00539 0
10 00540 0
10 00541 0
10 00542 0
10 00543 0
10 00544 0
10 00545 0
10 00546 0
10 00547 0
10 00548 0
10 00549 0
10 00550 0
10 00551 0
10 00552 0
10 00553 0
10 00554 0
10 00555 0
10 00556 0
10 00557 0
10 00558 0
10 00559 0
10 00560 0
10 00561 0
10 00562 0
10 00563 0
10 00564 0
10 00565 0
10 00566 0
10 00567 0
10 00568 0
10 00569 0
10 00570 0
10 00571 0
10 00572 0
10 00573 0
10 00574 0
10 00575 0
10 00576 0
10 00577 0
10 00578 0
10 00579 0
10 00580 0
10 00581 0
10 00582 0
10 00583 0
10 00584 0
10 00585 0
10 00586 0
10 00587 0
10 00588 0
10 00589 0
10 00590 0
10 00591 0
10 00592 0
10 00593 0
10 00594 0
10 00595 0
10 00596 0
10 00597 0
10 00598 0
10 00599 0
10 00600 0
10 00601 0
10 00602 0
10 00603 0
10 00604 0
10 00605 0
10 00606 0
10 00607 0
10 00608 0
10 00609 0
10 00610 0
10 00611 0
10 00612 0
10 00613 0
10 00614 0
10 00615 0
10 00616 0
10 00617 0
10 00618 0
10 00619 0
10 00620 0
10 00621 0
10 00622 0
10 00623 0
10 00624 0
10 00625 0
10 00626 0
10 00627 0
10 00628 0
10 00629 0
10 00630 0
10 00631 0
10 00632 0
10 00633 0
10 00634 0
10 00635 0
10 00636 0
10 00637 0
10 00638 0
10 00639 0
10 00640 0
10 00641 0
10 00642 0
10 00643 0
10 00644 0
10 00645 0
10 00646 0
10 00647 0
10 00648 0
10 00649 0
10 00650 0
10 00651 0
10 00652 0
10 00653 0
10 00654 0
10 00655 0
10 00656 0
10 00657 0
10 00658 0
10 00659 0
10 00660 0
10 00661 0
10 00662 0
10 00663 0
10 00664 0
10 00665 0
10 00666 0
10 00667 0
10 00668 0
10 00669 0
10 00670 0
10 00671 0
10 00672 0
10 00673 0
10 00674 0
10 00675 0
10 00676 0
10 00677 0
10 00678 0
10 00679 0
10 00680 0
10 00681 0
10 00682 0
10 00683 0
10 00684 0
10 00685 0
10 00686 0
10 00687 0
10 00688 0
10 00689 0
10 00690 0
10 00691 0
10 00692 0
10 00693 0
10 00694 0
10 00695 0
10 00696 0
10 00697 0
10 00698 0
10 00699 0
10 00700 0
10 00701 0
10 00702 0
10 00703 0
10 00704 0
10 00705 0
10 00706 0
10 00707 0
10 00708 0
10 00709 0
10 00710 0
10 00711 0
10 00712 0
10 00713 0
10 00714 0
10 00715 0
10 00716 0
10 00717 0
10 00718 0
10 00719 0
10 00720 0
10 00721 0
10 00722 0
10 00723 0
10 00724 0
10 00725 0
10 00726 0
10 00727 0
10 00728 0
10 00729 0
10 00730 0
10 00731 0
10 00732 0
10 00733 0
10 00734 0
10 00735 0
10 00736 0
10 00737 0
10 00738 0
10 00739 0
10 00740 0
10 00741 0
10 00742 0
10 00743 0
10 00744 0
10 00745 0
10 00746 0
10 00747 0
10 00748 0
10 00749 0
10 00750 0
10 00751 0
10 00752 0
10 00753 0
10 00754 0
10 00755 0
10 00756 0
10 00757 0
10 00758 0
10 00759 0
10 00760 0
10 00761 0
10 00762 0
10 00763 0
10 00764 0
10 00765 0
10 00766 0
10 00767 0
10 00768 0
10 00769 0
10 00770 0
10 00771 0
10 00772 0
10 00773 0
10 00774 0
10 00775 0
10 00776 0
10 00777 0
10 00778 0
10 00779 0
10 00780 0
10 00781 0
10 00782 0
10 00783 0
10 00784 0
10 00785 0
10 00786 0
10 00787 0
10 00788 0
10 00789 0
10 00790 0
10 00791 0
10 00792 0
10 00793 0
10 00794 0
10 00795 0
10 00796 0
10 00797 0
10 00798 0
10 00799 0
10 00800 0
10 00801 0
10 00802 0
10 00803 0
10 00804 0
10 00805 0
10 00806 0
10 00807 0
10 00808 0
10 00809 0
10 00810 0
10 00811 0
10 00812 0
10 00813 0
10 00814 0
10 00815 0
10 00816 0
10 00817 0
10 00818 0
10 00819 0
10 00820 0
10 00821 0
10 00822 0
10 00823 0
10 00824 0
10 00825 0
10 00826 0
10 00827 0
10 00828 0
10 00829 0
10 00830 0
10 00831 0
10 00832 0
10 00833 0
10 00834 0
10 00835 0
10 00836 0
10 00837 0
10 00838 0
10 00839 0
10 00840 0
10 00841 0
10 00842 0
10 00843 0
10 00844 0
10 00845 0
10 00846 0
10 00847 0
10 00848 0
10 00849 0
10 00850 0
10 00851 0
10 00852 0
10 00853 0
10 00854 0
10 00855 0
10 00856 0
10 00857 0
10 00858 0
10 00859 0
10 00860 0
10 00861 0
10 00862 0
10 00863 0
10 00864 0
10 00865 0
10 00866 0
10 00867 0
10 00868 0
10 00869 0
10 00870 0
10 00871 0
10 00872 0
10 00873 0
10 00874 0
10 00875 0
10 00876 0
10 00877 0
10 00878 0
10 00879 0
10 00880 0
10 00881 0
10 00882 0
10 00883 0
10 00884 0
10 00885 0
10 00886 0
10 00887 0
10 00888 0
10 00889 0
10 00890 0
10 00891 0
10 00892 0
10 00893 0
10 00894 0
10 00895 0
10 00896 0
10 00897 0
10 00898 0
10 00899 0
10 00900 0
10 00901 0
10 00902 0
10 00903 0
10 00904 0
10 00905 0
10 00906 0
10 00907 0
10 00908 0
10 00909 0
10 00910 0
10 00911 0
10 00912 0
10 00913 0
10 00914 0
10 00915 0
10 00916 0
10 00917 0
10 00918 0
10 00919 0
10 00920 0
10 00921 0
10 00922 0
10 00923 0
10 00924 0
10 00925 0
10 00926 0
10 00927 0
10 00928 0
10 00929 0
10 00930 0
10 00931 0
10 00932 0
10 00933 0
10 00934 0
10 00935 0
10 00936 0
10 00937 0
10 00938 0
10 00939 0
10 00940 0
10 00941 0
10 00942 0
10 00943 0
10 00944 0
10 00945 0
10 00946 0
10 00947 0
10 00948 0
10 00949 0
10 00950 0
10 00951 0
10 00952 0
10 00953 0
10 00954 0
10 00955 0
10 00956 0
10 00957 0
10 00958 0
10 00959 0
10 00960 0
10 00961 0
10 00962 0
10 00963 0
10 00964 0
10 00965 0
10 00966 0
10 00967 0
10 00968 0
10 00969 0
10 00970 0
10 00971 0
10 00972 0
10 00973 0
10 00974 0
10 00975 0
10 00976 0
10 00977 0
10 00978 0
10 00979 0
10 00980 0
10 00981 0
10 00982 0
10 00983 0
10 00984 0
10 00985 0
10 00986 0
10 00987 0
10 00988 0
10 00989 0
10 00990 0
10 00991 0
10 00992 0
10 00993 0
10 00994 0
10 00995 0
10 00996 0
10 00997 0
10 00998 0
10 00999 0
10 01000 0
10 01001 0
10 01002 0
10 01003 0
10 01004 0
10 01005 0
10 01006 0
10 01007 0
10 01008 0
10 01009 0
10 01010 0
10 01011 0
10 01012 0
10 01013 0
10 01014 0
10 01015 0
10 01016 0
10 01017 0
10 01018 0
10 01019 0
10 01020 0
10 01021 0
10 01022 0
10 01023 0
10 01024 0
10 01025 0
10 01026 0
10 01027 0
10 01028 0
10 01029 0
10 01030 0
10 01031 0
10 01032 0
10 01033 0
10 01034 0
10 01035 0
10 01036 0
10 01037 0
10 01038 0
10 01039 0
10 01040 0
10 01041 0
10 01042 0
10 01043 0
10 01044 0
10 01045 0
10 01046 0
10 01047 0
10 01048 0
10 01049 0
10 01050 0
10 01051 0
10 01052 0
10 01053 0
10 01054 0
10 01055 0
10 01056 0
10 01057 0
10 01058 0
10 01059 0
10 01060 0
10 01061 0
10 01062 0
10 01063 0
10 01064 0
10 01065 0
10 01066 0
10 01067 0
10 01068 0
10 01069 0
10 01070 0
10 01071 0
10 01072 0
10 01073 0
10 01074 0
10 01075 0
10 01076 0
10 01077 0
10 01078 0
10 01079 0
10 01080 0
10 01081 0
10 01082 0
10 01083 0
10 01084 0
10 01085 0
10 01086 0
10 01087 0
10 01088 0
10 01089 0
10 01090 0
10 01091 0
10 01092 0
10 01093 0
10 01094 0
10 01095 0
10 01096 0
10 01097 0
10 01098 0
10 01099 0
10 01100 0
10 01101 0
11 00005 0
11 00006 0
11 00007 0
11 00008 0
11 00009 0
11 00010 0
11 00011 0
11 00012 0
11 00013 0
11 00014 0
11 00015 0
11 00016 0
11 00017 0
11 00018 0
11 00019 0
11 00020 0
11 00021 0
11 00022 0
11 00023 0
11 00024 0
11 00025 0
11 00026 0
11 00027 0
11 00028 0
11 00029 0
11 00030 0
11 00031 0
11 00032 0
11 00033 0
11 00034 0
11 00035 0
11 00036 0
11 00037 0
11 00038 0
11 00039 0
11 00040 0
11 00041 0
11 00042 0
11 00043 0
11 00044 0
11 00045 0
11 00046 0
11 00047 0
11 00048 0
11 00049 0
11 00050 0
11 00051 0
11 00052 0
11 00053 0
11 00054 0
11 00055 0
11 00056 0
11 00057 0
11 00058 0
11 00059 0
11 00060 0
11 00061 0
11 00062 0
11 00063 0
11 00064 0
11 00065 0
11 00066 0
11 00067 0
11 00068 0
11 00069 0
11 00070 0
11 00071 0
11 00072 0
11 00073 0
11 00074 0
11 00075 0
11 00076 0
11 00077 0
11 00078 0
11 00079 0
11 00080 0
11 00081 0
11 00082 0
11 00083 0
11 00084 0
11 00085 0
11 00086 0
11 00087 0
11 00088 0
11 00089 0
11 00090 0
11 00091 0
11 00092 0
11 00093 0
11 00094 0
11 00095 0
11 00096 0
11 00097 0
11 00098 0
11 00099 0
11 00100 0
11 00101 0
11 00102 0
11 00103 0
11 00104 0
11 00105 0
11 00106 0
11 00107 0
11 00108 0
11 00109 0
11 00110 0
11 00111 0
11 00112 0
11 00113 0
11 00114 0
11 00115 0
11 00116 0
11 00117 0
11 00118 0
11 00119 0
11 00120 0
11 00121 0
11 00122 0
11 00123 0
11 00124 0
11 00125 0
11 00126 0
11 00127 0
11 00128 0
11 00129 0
11 00130 0
11 00131 0
11 00132 0
11 00133 0
11 00134 0
11 00135 0
11 00136 0
11 00137 0
11 00138 0
11 00139 0
11 00140 0
11 00141 0
11 00142 0
11 00143 0
11 00144 0
11 00145 0
11 00146 0
11 00147 0
11 00148 0
11 00149 0
11 00150 0
11 00151 0
11 00152 0
11 00153 0
11 00154 0
11 00155 0
11 00156 0
11 00157 0
11 00158 0
11 00159 0
11 00160 0
11 00161 0
11 00162 0
11 00163 0
11 00164 0
11 00165 0
11 00166 0
11 00167 0
11 00168 0
11 00169 0
11 00170 0
11 00171 0
11 00172 0
11 00173 0
11 00174 0
11 00175 0
11 00176 0
11 00177 0
11 00178 0
11 00179 0
11 00180 0
11 00181 0
11 00182 0
11 00183 0
11 00184 0
11 00185 0
11 00186 0
11 00187 0
11 00188 0
11 00189 0
11 00190 0
11 00191 0
11 00192 0
11 00193 0
11 00194 0
11 00195 0
11 00196 0
11 00197 0
11 00198 0
11 00199 0
11 00200 0
11 00201 0
11 00202 0
11 00203 0
11 00204 0
11 00205 0
11 00206 0
11 00207 0
11 00208 0
11 00209 0
11 00210 0
11 00211 0
11 00212 0
11 00213 0
11 00214 0
11 00215 0
11 00216 0
11 00217 0
11 00218 0
11 00219 0
11 00220 0
11 00221 0
11 00222 0
11 00223 0
11 00224 0
11 00225 0
11 00226 0
11 00227 0
11 00228 0
11 00229 0
11 00230 0
11 00231 0
11 00232 0
11 00233 0
11 00234 0
11 00235 0
11 00236 0
11 00237 0
11 00238 0
11 00239 0
11 00240 0
11 00241 0
11 00242 0
11 00243 0
11 00244 0
11 00245 0
11 00246 0
11 00247 0
11 00275 0
11 00276 0
11 00277 0
11 00278 0
11 00279 0
11 00280 0
11 00281 0
11 00282 0
11 00283 0
11 00284 0
11 00285 0
11 00286 0
11 00287 0
11 00288 0
11 00289 0
11 00290 0
11 00291 0
11 00292 0
11 00293 0
11 00294 0
11 00295 0
11 00296 0
11 00297 0
11 00298 0
11 00299 0
11 00300 0
11 00301 0
11 00302 0
11 00303 0
11 00304 0
11 00305 0
11 00306 0
11 00307 0
11 00308 0
11 00309 0
11 00310 0
11 00311 0
11 00312 0
11 00313 0
11 00314 0
11 00315 0
11 00316 0
11 00317 0
11 00318 0
11 00319 0
11 00320 0
11 00321 0
11 00322 0
11 00323 0
11 00324 0
11 00325 0
11 00326 0
11 00327 0
11 00328 0
11 00329 0
11 00330 0
11 00331 0
11 00332 0
11 00333 0
11 00334 0
11 00335 0
11 00336 0
11 00337 0
11 00338 0
11 00339 0
11 00340 0
11 00341 0
11 00342 0
11 00343 0
11 00344 0
11 00345 0
11 00346 0
11 00347 0
11 00348 0
11 00349 0
11 00350 0
11 00351 0
11 00352 0
11 00353 0
11 00354 0
11 00355 0
11 00356 0
11 00357 0
11 00358 0
11 00359 0
11 00360 0
11 00361 0
11 00362 0
11 00363 0
11 00364 0
11 00365 0
11 00366 0
11 00367 0
11 00368 0
11 00369 0
11 00370 0
11 00371 0
11 00372 0
11 00373 0
11 00374 0
11 00375 0
11 00376 0
11 00377 0
11 00378 0
11 00379 0
11 00380 0
11 00381 0
11 00382 0
11 00383 0
11 00384 0
11 00385 0
11 00386 0
11 00387 0
11 00388 0
11 00389 0
11 00390 0
11 00391 0
11 00392 0
11 00393 0
11 00394 0
11 00395 0
11 00396 0
11 00397 0
11 00398 0
11 00399 0
11 00400 0
11 00401 0
11 00402 0
11 00403 0
11 00404 0
11 00405 0
11 00406 0
11 00407 0
11 00408 0
11 00409 0
11 00410 0
11 00411 0
11 00412 0
11 00413 0
11 00414 0
11 00415 0
11 00416 0
11 00417 0
11 00418 0
11 00419 0
11 00420 0
11 00421 0
11 00422 0
11 00423 0
11 00424 0
11 00425 0
11 00426 0
11 00427 0
11 00428 0
11 00429 0
11 00430 0
11 00431 0
11 00432 0
11 00433 0
11 00434 0
11 00435 0
11 00436 0
11 00437 0
11 00438 0
11 00439 0
11 00440 0
11 00441 0
11 00442 0
11 00443 0
11 00444 0
11 00445 0
11 00446 0
11 00447 0
11 00448 0
11 00449 0
11 00450 0
11 00451 0
11 00452 0
11 00453 0
11 00454 0
11 00455 0
11 00456 0
11 00457 0
11 00458 0
11 00459 0
11 00460 0
11 00461 0
11 00462 0
11 00463 0
11 00464 0
11 00465 0
11 00466 0
11 00467 0
11 00468 0
11 00469 0
11 00470 0
11 00471 0
11 00472 0
11 00473 0
11 00474 0
11 00475 0
11 00476 0
11 00477 0
11 00478 0
11 00479 0
11 00480 0
11 00481 0
11 00482 0
11 00483 0
11 00484 0
11 00485 0
11 00486 0
11 00487 0
11 00488 0
11 00489 0
11 00490 0
11 00491 0
11 00492 0
11 00493 0
11 00494 0
11 00495 0
11 00496 0
11 00497 0
11 00498 0
11 00499 0
11 00500 0
11 00501 0
11 00502 0
11 00503 0
11 00504 0
11 00505 0
11 00506 0
11 00507 0
11 00508 0
11 00509 0
11 00510 0
11 00511 0
11 00512 0
11 00513 0
11 00514 0
11 00515 0
11 00516 0
11 00517 0
11 00518 0
11 00519 0
11 00520 0
11 00521 0
11 00522 0
11 00523 0
11 00524 0
11 00525 0
11 00526 0
11 00527 0
11 00528 0
11 00529 0
11 00530 0
11 00531 0
11 00532 0
11 00533 0
11 00534 0
11 00535 0
11 00536 0
11 00537 0
11 00538 0
11 00539 0
11 00540 0
11 00541 0
11 00542 0
11 00543 0
11 00544 0
11 00545 0
11 00546 0
11 00547 0
11 00548 0
11 00549 0
11 00550 0
11 00551 0
11 00552 0
11 00553 0
11 00554 0
11 00555 0
11 00556 0
11 00557 0
11 00558 0
11 00559 0
11 00560 0
11 00561 0
11 00562 0
11 00563 0
11 00564 0
11 00565 0
11 00566 0
11 00567 0
11 00568 0
11 00569 0
11 00570 0
11 00571 0
11 00572 0
11 00573 0
11 00574 0
11 00575 0
11 00576 0
11 00577 0
11 00578 0
11 00579 0
11 00580 0
11 00581 0
11 00582 0
11 00583 0
11 00584 0
11 00585 0
11 00586 0
11 00587 0
11 00588 0
11 00589 0
11 00590 0
11 00591 0
11 00592 0
11 00593 0
11 00594 0
11 00595 0
11 00596 0
11 00597 0
11 00598 0
11 00599 0
11 00600 0
11 00601 0
11 00602 0
11 00603 0
11 00604 0
11 00605 0
11 00606 0
11 00607 0
11 00608 0
11 00609 0
11 00610 0
11 00611 0
11 00612 0
11 00613 0
11 00614 0
11 00615 0
11 00616 0
11 00617 0
11 00618 0
11 00619 0
11 00620 0
11 00621 0
11 00622 0
11 00623 0
11 00624 0
11 00625 0
11 00626 0
11 00627 0
11 00628 0
11 00629 0
11 00630 0
11 00631 0
11 00632 0
11 00633 0
11 00634 0
11 00635 0
11 00636 0
11 00637 0
11 00638 0
11 00639 0
11 00640 0
11 00641 0
11 00642 0
11 00643 0
11 00644 0
11 00645 0
11 00646 0
11 00647 0
11 00648 0
11 00649 0
11 00650 0
11 00651 0
11 00652 0
11 00653 0
11 00654 0
11 00655 0
11 00656 0
11 00657 0
11 00658 0
11 00659 0
11 00660 0
11 00661 0
11 00662 0
11 00663 0
11 00664 0
11 00665 0
11 00666 0
11 00667 0
11 00668 0
11 00669 0
11 00670 0
11 00671 0
11 00672 0
11 00673 0
11 00674 0
11 00675 0
11 00676 0
11 00677 0
11 00678 0
11 00679 0
11 00680 0
11 00681 0
11 00682 0
11 00683 0
11 00684 0
11 00685 0
11 00686 0
11 00687 0
11 00688 0
11 00689 0
11 00690 0
11 00691 0
11 00692 0
11 00693 0
11 00694 0
11 00695 0
11 00696 0
11 00697 0
11 00698 0
11 00699 0
11 00700 0
11 00701 0
11 00702 0
11 00703 0
11 00704 0
11 00705 0
11 00706 0
11 00707 0
11 00708 0
11 00709 0
11 00710 0
11 00711 0
11 00712 0
11 00713 0
11 00714 0
11 00715 0
11 00716 0
11 00717 0
11 00718 0
11 00719 0
11 00720 0
11 00721 0
11 00722 0
11 00723 0
11 00724 0
11 00725 0
11 00726 0
11 00727 0
11 00728 0
11 00729 0
11 00730 0
11 00731 0
11 00732 0
11 00733 0
11 00734 0
11 00735 0
11 00736 0
11 00737 0
11 00738 0
11 00739 0
11 00740 0
11 00741 0
11 00742 0
11 00743 0
11 00744 0
11 00745 0
11 00746 0
11 00747 0
11 00748 0
11 00749 0
11 00750 0
11 00751 0
11 00752 0
11 00753 0
11 00754 0
11 00755 0
11 00756 0
11 00757 0
11 00758 0
11 00759 0
11 00760 0
11 00761 0
11 00762 0
11 00763 0
11 00764 0
11 00765 0
11 00766 0
11 00767 0
11 00768 0
11 00769 0
11 00770 0
11 00771 0
11 00772 0
11 00773 0
11 00774 0
11 00775 0
11 00776 0
11 00777 0
11 00778 0
11 00779 0
11 00780 0
11 00781 0
11 00782 0
11 00783 0
11 00784 0
11 00785 0
11 00786 0
11 00787 0
11 00788 0
11 00789 0
11 00790 0
11 00791 0
11 00792 0
11 00793 0
11 00794 0
11 00795 0
11 00796 0
11 00797 0
11 00798 0
11 00799 0
11 00800 0
11 00801 0
11 00802 0
11 00803 0
11 00804 0
11 00805 0
11 00806 0
11 00807 0
11 00808 0
11 00809 0
11 00810 0
11 00811 0
11 00812 0
11 00813 0
11 00814 0
11 00815 0
11 00816 0
11 00817 0
11 00818 0
11 00819 0
11 00820 0
11 00821 0
11 00822 0
11 00823 0
11 00824 0
11 00825 0
11 00826 0
11 00827 0
11 00828 0
11 00829 0
11 00830 0
11 00831 0
11 00832 0
11 00833 0
11 00834 0
11 00835 0
11 00836 0
11 00837 0
11 00838 0
11 00839 0
11 00840 0
11 00841 0
11 00842 0
11 00843 0
11 00844 0
11 00845 0
11 00846 0
11 00847 0
11 00848 0
11 00849 0
11 00850 0
11 00851 0
11 00852 0
11 00853 0
11 00854 0
11 00855 0
11 00856 0
11 00857 0
11 00858 0
11 00859 0
11 00860 0
11 00861 0
11 00862 0
11 00863 0
11 00864 0
11 00865 0
11 00866 0
11 00867 0
11 00868 0
11 00869 0
11 00870 0
11 00871 0
11 00872 0
11 00873 0
11 00874 0
11 00875 0
11 00876 0
11 00877 0
11 00878 0
11 00879 0
11 00880 0
11 00881 0
11 00882 0
11 00883 0
11 00884 0
11 00885 0
11 00886 0
11 00887 0
11 00888 0
11 00889 0
11 00890 0
11 00891 0
11 00892 0
11 00893 0
11 00894 0
11 00895 0
11 00896 0
11 00897 0
11 00898 0
11 00899 0
11 00900 0
11 00901 0
11 00902 0
11 00903 0
11 00904 0
11 00905 0
11 00906 0
11 00907 0
11 00908 0
11 00909 0
11 00910 0
11 00911 0
11 00912 0
11 00913 0
11 00914 0
11 00915 0
11 00916 0
11 00917 0
11 00918 0
11 00919 0
11 00920 0
11 00921 0
11 00922 0
11 00923 0
11 00924 0
11 00925 0
11 00926 0
11 00927 0
11 00928 0
11 00929 0
11 00930 0
11 00931 0
11 00932 0
11 00933 0
11 00934 0
11 00935 0
11 00936 0
11 00937 0
11 00938 0
11 00939 0
11 00940 0
11 00941 0
11 00942 0
11 00943 0
11 00944 0
11 00945 0
11 00946 0
11 00947 0
11 00948 0
11 00949 0
11 00950 0
11 00951 0
11 00952 0
11 00953 0
11 00954 0
11 00955 0
11 00956 0
11 00957 0
11 00958 0
11 00959 0
11 00970 0
11 00971 0
11 00972 0
11 00973 0
11 00974 0
11 00975 0
11 00976 0
11 00977 0
11 00978 0
11 00979 0
11 00980 0
11 00981 0
11 00982 0
11 00983 0
11 00984 0
11 00985 0
11 00986 0
11 00987 0
11 00988 0
11 00989 0
11 00990 0
11 00991 0
11 00992 0
11 00993 0
11 00994 0
11 00995 0
11 00996 0
11 00997 0
11 00998 0
11 00999 0
11 01000 0
11 01001 0
11 01002 0
11 01003 0
11 01004 0
11 01005 0
11 01006 0
11 01007 0
11 01008 0
11 01009 0
11 01010 0
11 01011 0
11 01012 0
11 01013 0
11 01014 0
11 01015 0
11 01016 0
11 01017 0
11 01018 0
11 01019 0
11 01020 0
11 01021 0
11 01022 0
11 01023 0
11 01024 0
11 01025 0
11 01026 0
11 01027 0
11 01028 0
11 01029 0
11 01030 0
11 01031 0
11 01032 0
11 01033 0
11 01034 0
11 01035 0
11 01036 0
11 01037 0
11 01038 0
11 01039 0
11 01040 0
11 01041 0
11 01042 0
11 01043 0
11 01044 0
11 01045 0
11 01046 0
11 01047 0
11 01048 0
11 01049 0
11 01050 0
11 01051 0
11 01052 0
11 01053 0
11 01054 0
11 01055 0
11 01056 0
11 01057 0
11 01058 0
11 01059 0
11 01060 0
11 01061 0
11 01062 0
11 01063 0
11 01064 0
11 01065 0
11 01066 0
11 01067 0
11 01068 0
11 01069 0
11 01070 0
11 01071 0
11 01072 0
11 01073 0
11 01074 0
11 01075 0
11 01076 0
11 01077 0
11 01078 0
11 01079 0
11 01080 0
11 01081 0
11 01082 0
11 01083 0
11 01084 0
11 01085 0
11 01086 0
11 01087 0
11 01088 0
11 01089 0
11 01090 0
11 01091 0
12 00005 0
12 00006 0
12 00007 0
12 00008 0
12 00009 0
12 00010 0
12 00011 0
12 00012 0
12 00013 0
12 00014 0
12 00015 0
12 00016 0
12 00017 0
12 00018 0
12 00019 0
12 00020 0
12 00021 0
12 00022 0
12 00023 0
12 00024 0
12 00025 0
12 00026 0
12 00027 0
12 00028 0
12 00029 0
12 00030 0
12 00031 0
12 00032 0
12 00033 0
12 00034 0
12 00035 0
12 00036 0
12 00037 0
12 00038 0
12 00039 0
12 00040 0
12 00041 0
12 00042 0
12 00043 0
12 00044 0
12 00045 0
12 00046 0
12 00047 0
12 00048 0
12 00049 0
12 00050 0
12 00051 0
12 00052 0
12 00053 0
12 00054 0
12 00055 0
12 00056 0
12 00057 0
12 00058 0
12 00059 0
12 00060 0
12 00061 0
12 00062 0
12 00063 0
12 00064 0
12 00065 0
12 00066 0
12 00067 0
12 00068 0
12 00069 0
12 00070 0
12 00071 0
12 00072 0
12 00073 0
12 00074 0
12 00075 0
12 00076 0
12 00077 0
12 00078 0
12 00079 0
12 00080 0
12 00081 0
12 00082 0
12 00083 0
12 00084 0
12 00085 0
12 00086 0
12 00087 0
12 00088 0
12 00089 0
12 00090 0
12 00091 0
12 00092 0
12 00093 0
12 00094 0
12 00095 0
12 00096 0
12 00097 0
12 00098 0
12 00099 0
12 00100 0
12 00101 0
12 00102 0
12 00103 0
12 00104 0
12 00105 0
12 00106 0
12 00107 0
12 00108 0
12 00109 0
12 00110 0
12 00111 0
12 00112 0
12 00113 0
12 00114 0
12 00115 0
12 00116 0
12 00117 0
12 00118 0
12 00119 0
12 00120 0
12 00121 0
12 00122 0
12 00123 0
12 00124 0
12 00125 0
12 00126 0
12 00127 0
12 00128 0
12 00129 0
12 00130 0
12 00131 0
12 00132 0
12 00133 0
12 00134 0
12 00135 0
12 00136 0
12 00137 0
12 00138 0
12 00139 0
12 00140 0
12 00141 0
12 00142 0
12 00143 0
12 00144 0
12 00145 0
12 00146 0
12 00147 0
12 00148 0
12 00149 0
12 00150 0
12 00151 0
12 00152 0
12 00153 0
12 00154 0
12 00155 0
12 00156 0
12 00157 0
12 00158 0
12 00159 0
12 00160 0
12 00161 0
12 00162 0
12 00163 0
12 00164 0
12 00165 0
12 00166 0
12 00167 0
12 00168 0
12 00169 0
12 00170 0
12 00171 0
12 00172 0
12 00173 0
12 00174 0
12 00175 0
12 00176 0
12 00177 0
12 00178 0
12 00209 0
12 00210 0
12 00211 0
12 00212 0
12 00213 0
12 00214 0
12 00215 0
12 00216 0
12 00217 0
12 00218 0
12 00219 0
12 00220 0
12 00221 0
12 00222 0
12 00223 0
12 00224 0
12 00225 0
12 00226 0
12 00227 0
12 00228 0
12 00229 0
12 00230 0
12 00231 0
12 00232 0
12 00233 0
12 00234 0
12 00235 0
12 00236 0
12 00237 0
12 00238 0
12 00239 0
12 00240 0
12 00241 0
12 00242 0
12 00243 0
12 00244 0
12 00245 0
12 00246 0
12 00247 0
12 00248 0
12 00249 0
12 00250 0
12 00251 0
12 00252 0
12 00253 0
12 00254 0
12 00255 0
12 00256 0
12 00257 0
12 00258 0
12 00259 0
12 00260 0
12 00261 0
12 00262 0
12 00263 0
12 00264 0
12 00265 0
12 00266 0
12 00267 0
12 00268 0
12 00269 0
12 00270 0
12 00271 0
12 00272 0
12 00273 0
12 00274 0
12 00275 0
12 00276 0
12 00277 0
12 00278 0
12 00279 0
12 00280 0
12 00281 0
12 00282 0
12 00283 0
12 00284 0
12 00285 0
12 00286 0
12 00287 0
12 00288 0
12 00289 0
12 00290 0
12 00291 0
12 00292 0
12 00293 0
12 00294 0
12 00295 0
12 00296 0
12 00297 0
12 00298 0
12 00299 0
12 00300 0
12 00301 0
12 00302 0
12 00303 0
12 00304 0
12 00305 0
12 00306 0
12 00307 0
12 00308 0
12 00309 0
12 00310 0
12 00311 0
12 00312 0
12 00313 0
12 00314 0
12 00315 0
12 00316 0
12 00317 0
12 00318 0
12 00319 0
12 00320 0
12 00321 0
12 00322 0
12 00323 0
12 00324 0
12 00325 0
12 00326 0
12 00327 0
12 00328 0
12 00329 0
12 00330 0
12 00331 0
12 00332 0
12 00333 0
12 00334 0
12 00335 0
12 00336 0
12 00337 0
12 00338 0
12 00339 0
12 00340 0
12 00341 0
12 00342 0
12 00343 0
12 00344 0
12 00345 0
12 00346 0
12 00347 0
12 00348 0
12 00349 0
12 00350 0
12 00351 0
12 00352 0
12 00353 0
12 00354 0
12 00355 0
12 00356 0
12 00357 0
12 00358 0
12 00359 0
12 00360 0
12 00361 0
12 00362 0
12 00363 0
12 00364 0
12 00365 0
12 00366 0
12 00367 0
12 00368 0
12 00369 0
12 00370 0
12 00371 0
12 00372 0
12 00373 0
12 00374 0
12 00375 0
12 00376 0
12 00377 0
12 00378 0
12 00379 0
12 00380 0
12 00381 0
12 00382 0
12 00383 0
12 00384 0
12 00385 0
12 00386 0
12 00387 0
12 00388 0
12 00389 0
12 00390 0
12 00391 0
12 00392 0
12 00393 0
12 00394 0
12 00395 0
12 00396 0
12 00397 0
12 00398 0
12 00399 0
12 00400 0
12 00401 0
12 00402 0
12 00403 0
12 00404 0
12 00405 0
12 00406 0
12 00407 0
12 00408 0
12 00409 0
12 00410 0
12 00411 0
12 00412 0
12 00413 0
12 00414 0
12 00415 0
12 00416 0
12 00417 0
12 00418 0
12 00419 0
12 00420 0
12 00421 0
12 00422 0
12 00423 0
12 00424 0
12 00425 0
12 00426 0
12 00427 0
12 00428 0
12 00429 0
12 00430 0
12 00431 0
12 00432 0
12 00433 0
12 00434 0
12 00435 0
12 00436 0
12 00437 0
12 00438 0
12 00439 0
12 00440 0
12 00441 0
12 00442 0
12 00443 0
12 00444 0
12 00445 0
12 00446 0
12 00447 0
12 00448 0
12 00449 0
12 00450 0
12 00451 0
12 00452 0
12 00453 0
12 00454 0
12 00455 0
12 00456 0
12 00457 0
12 00458 0
12 00459 0
12 00460 0
12 00461 0
12 00462 0
12 00463 0
12 00464 0
12 00465 0
12 00466 0
12 00467 0
12 00468 0
12 00469 0
12 00470 0
12 00471 0
12 00472 0
12 00473 0
12 00474 0
12 00475 0
12 00476 0
12 00477 0
12 00478 0
12 00479 0
12 00480 0
12 00481 0
12 00482 0
12 00483 0
12 00484 0
12 00485 0
12 00486 0
12 00487 0
12 00488 0
12 00489 0
12 00490 0
12 00491 0
12 00492 0
12 00493 0
12 00494 0
12 00495 0
12 00496 0
12 00497 0
12 00498 0
12 00499 0
12 00500 0
12 00501 0
12 00502 0
12 00503 0
12 00504 0
12 00505 0
12 00506 0
12 00507 0
12 00508 0
12 00509 0
12 00510 0
12 00511 0
12 00512 0
12 00513 0
12 00514 0
12 00515 0
12 00516 0
12 00517 0
12 00518 0
12 00519 0
12 00520 0
12 00521 0
12 00522 0
12 00523 0
12 00524 0
12 00525 0
12 00526 0
12 00527 0
12 00528 0
12 00529 0
12 00530 0
12 00531 0
12 00532 0
12 00533 0
12 00534 0
12 00535 0
12 00536 0
12 00537 0
12 00538 0
12 00539 0
12 00540 0
12 00541 0
12 00542 0
12 00543 0
12 00544 0
12 00545 0
12 00546 0
12 00547 0
12 00548 0
12 00549 0
12 00550 0
12 00551 0
12 00552 0
12 00553 0
12 00554 0
12 00555 0
12 00556 0
12 00557 0
12 00558 0
12 00559 0
12 00560 0
12 00561 0
12 00562 0
12 00563 0
12 00564 0
12 00565 0
12 00566 0
12 00567 0
12 00568 0
12 00569 0
12 00570 0
12 00571 0
12 00572 0
12 00573 0
12 00574 0
12 00575 0
12 00576 0
12 00577 0
12 00578 0
12 00579 0
12 00580 0
12 00581 0
12 00582 0
12 00583 0
12 00584 0
12 00585 0
12 00586 0
12 00587 0
12 00588 0
12 00589 0
12 00590 0
12 00591 0
12 00592 0
12 00593 0
12 00594 0
12 00595 0
12 00596 0
12 00597 0
12 00598 0
12 00599 0
12 00600 0
12 00601 0
12 00602 0
12 00603 0
12 00604 0
12 00605 0
12 00606 0
12 00607 0
12 00608 0
12 00609 0
12 00610 0
12 00611 0
12 00612 0
12 00613 0
12 00614 0
12 00615 0
12 00616 0
12 00617 0
12 00618 0
12 00619 0
12 00620 0
12 00621 0
12 00622 0
12 00623 0
12 00624 0
12 00625 0
12 00626 0
12 00627 0
12 00628 0
12 00629 0
12 00630 0
12 00631 0
12 00632 0
12 00633 0
12 00634 0
12 00635 0
12 00636 0
12 00637 0
12 00638 0
12 00639 0
12 00640 0
12 00641 0
12 00642 0
12 00643 0
12 00644 0
12 00645 0
12 00646 0
12 00647 0
12 00648 0
12 00649 0
12 00650 0
12 00651 0
12 00652 0
12 00653 0
12 00654 0
12 00655 0
12 00656 0
12 00657 0
12 00658 0
12 00659 0
12 00660 0
12 00661 0
12 00662 0
12 00663 0
12 00664 0
12 00665 0
12 00666 0
12 00667 0
12 00668 0
12 00669 0
12 00670 0
12 00671 0
12 00672 0
12 00673 0
12 00674 0
12 00675 0
12 00676 0
12 00677 0
12 00678 0
12 00679 0
12 00680 0
12 00681 0
12 00682 0
12 00683 0
12 00684 0
12 00685 0
12 00686 0
12 00687 0
12 00688 0
12 00689 0
12 00690 0
12 00691 0
12 00692 0
12 00693 0
12 00694 0
12 00695 0
12 00696 0
12 00697 0
12 00698 0
12 00699 0
12 00700 0
12 00701 0
12 00702 0
12 00703 0
12 00704 0
12 00705 0
12 00706 0
12 00707 0
12 00708 0
12 00709 0
12 00710 0
12 00711 0
12 00712 0
12 00713 0
12 00714 0
12 00715 0
12 00716 0
12 00717 0
12 00718 0
12 00719 0
12 00720 0
12 00721 0
12 00722 0
12 00723 0
12 00724 0
12 00725 0
12 00726 0
12 00727 0
12 00728 0
12 00729 0
12 00730 0
12 00731 0
12 00732 0
12 00733 0
12 00734 0
12 00735 0
12 00736 0
12 00737 0
12 00738 0
12 00739 0
12 00740 0
12 00763 0
12 00764 0
12 00765 0
12 00766 0
12 00767 0
12 00768 0
12 00769 0
12 00770 0
12 00771 0
12 00772 0
12 00773 0
12 00774 0
12 00775 0
12 00776 0
12 00777 0
12 00778 0
12 00779 0
12 00780 0
12 00781 0
12 00782 0
12 00783 0
12 00784 0
12 00785 0
12 00786 0
12 00787 0
12 00788 0
12 00789 0
12 00790 0
12 00791 0
12 00792 0
12 00793 0
12 00794 0
12 00795 0
12 00796 0
12 00797 0
12 00798 0
12 00799 0
12 00800 0
12 00801 0
12 00802 0
12 00803 0
12 00804 0
12 00805 0
12 00806 0
12 00807 0
12 00808 0
12 00809 0
12 00810 0
12 00811 0
12 00812 0
12 00813 0
12 00814 0
12 00815 0
12 00816 0
12 00817 0
12 00818 0
12 00819 0
12 00820 0
12 00821 0
12 00822 0
12 00823 0
12 00824 0
12 00825 0
12 00826 0
12 00827 0
12 00828 0
12 00829 0
12 00830 0
12 00831 0
12 00832 0
12 00833 0
12 00834 0
12 00835 0
12 00836 0
12 00837 0
12 00838 0
12 00839 0
12 00840 0
12 00841 0
12 00842 0
12 00843 0
12 00844 0
12 00845 0
12 00846 0
12 00847 0
12 00848 0
12 00849 0
12 00850 0
12 00851 0
12 00852 0
12 00853 0
12 00854 0
12 00855 0
12 00856 0
12 00857 0
12 00858 0
12 00859 0
12 00860 0
12 00861 0
12 00862 0
12 00863 0
12 00864 0
12 00865 0
12 00866 0
12 00867 0
12 00868 0
12 00869 0
12 00870 0
12 00871 0
12 00872 0
12 00873 0
12 00874 0
12 00875 0
12 00876 0
12 00877 0
12 00878 0
12 00879 0
12 00880 0
12 00881 0
12 00882 0
12 00883 0
12 00884 0
12 00885 0
12 00886 0
12 00887 0
12 00888 0
12 00889 0
12 00890 0
12 00891 0
12 00892 0
12 00893 0
12 00894 0
12 00895 0
12 00896 0
12 00897 0
12 00898 0
12 00899 0
12 00900 0
12 00901 0
12 00902 0
12 00903 0
12 00904 0
12 00905 0
12 00906 0
12 00907 0
12 00908 0
12 00909 0
12 00910 0
12 00911 0
12 00912 0
12 00913 0
12 00914 0
12 00915 0
12 00916 0
12 00917 0
12 00918 0
12 00919 0
12 00920 0
12 00921 0
12 00922 0
12 00923 0
12 00924 0
12 00925 0
12 00926 0
12 00927 0
12 00928 0
12 00929 0
12 00930 0
12 00931 0
12 00932 0
12 00933 0
12 00934 0
12 00935 0
12 00936 0
12 00937 0
12 00938 0
12 00939 0
12 00940 0
12 00941 0
12 00942 0
12 00943 0
12 00944 0
12 00945 0
12 00946 0
12 00947 0
12 00948 0
12 00949 0
12 00950 0
12 00951 0
12 00952 0
12 00953 0
12 00954 0
12 00955 0
12 00956 0
12 00957 0
12 00958 0
12 00959 0
12 00960 0
12 00961 0
12 00962 0
12 00963 0
12 00964 0
12 00965 0
12 00966 0
12 00967 0
12 00968 0
12 00969 0
12 00970 0
12 00971 0
12 00972 0
12 00973 0
12 00974 0
12 00975 0
12 00976 0
12 00977 0
12 00978 0
12 00979 0
12 00980 0
12 00981 0
12 00982 0
12 00983 0
12 00984 0
12 00985 0
12 00986 0
12 00987 0
12 00988 0
12 00989 0
12 00990 0
12 00991 0
12 00992 0
12 00993 0
12 00994 0
12 00995 0
12 00996 0
12 00997 0
12 00998 0
12 00999 0
12 01000 0
12 01001 0
12 01002 0
12 01003 0
12 01004 0
12 01005 0
12 01006 0
12 01007 0
12 01008 0
12 01009 0
12 01010 0
12 01011 0
12 01012 0
12 01013 0
12 01014 0
12 01015 0
12 01016 0
12 01017 0
12 01018 0
12 01019 0
12 01020 0
12 01021 0
12 01022 0
12 01023 0
12 01024 0
12 01025 0
12 01026 0
12 01027 0
12 01028 0
12 01029 0
12 01030 0
12 01031 0
12 01032 0
12 01033 0
12 01034 0
12 01035 0
12 01036 0
12 01037 0
12 01038 0
12 01039 0
12 01040 0
12 01041 0
12 01042 0
12 01043 0
12 01044 0
12 01045 0
12 01046 0
12 01047 0
12 01048 0
12 01049 0
12 01050 0
12 01051 0
12 01052 0
12 01053 0
12 01054 0
12 01055 0
12 01056 0
12 01057 0
12 01058 0
12 01059 0
12 01060 0
12 01061 0
12 01062 0
12 01063 0
12 01064 0
12 01065 0
12 01066 0
12 01067 0
12 01068 0
12 01069 0
12 01070 0
12 01071 0
12 01072 0
12 01073 0
12 01074 0
12 01075 0
12 01076 0
12 01077 0
12 01078 0
12 01079 0
12 01080 0
12 01081 0
12 01082 0
12 01083 0
12 01084 0
12 01085 0
12 01086 0
12 01087 0
12 01088 0
12 01089 0
12 01090 0
12 01091 0
12 01092 0
12 01093 0
12 01094 0
12 01095 0
12 01096 0
12 01097 0
12 01098 0
12 01099 0
12 01100 0
12 01101 0
12 01102 0
12 01103 0
12 01104 0
12 01105 0
12 01106 0
12 01107 0
12 01108 0
12 01109 0
12 01110 0
12 01111 0
12 01112 0
12 01113 0
12 01114 0
12 01115 0
12 01116 0
12 01117 0
12 01118 0
12 01119 0
12 01120 0
12 01121 0
12 01122 0
12 01123 0
12 01124 0
12 01125 0
12 01126 0
12 01127 0
12 01128 0
12 01129 0
12 01130 0
12 01131 0
12 01132 0
12 01133 0
12 01134 0
12 01135 0
12 01136 0
12 01137 0
12 01138 0
12 01139 0
12 01140 0
12 01141 0
12 01142 0
12 01143 0
12 01144 0
12 01145 0
12 01146 0
12 01147 0
12 01148 0
12 01149 0
12 01150 0
12 01151 0
12 01152 0
12 01153 0
12 01154 0
12 01155 0
12 01156 0
12 01157 0
12 01158 0
12 01159 0
12 01160 0
12 01161 0
12 01162 0
12 01163 0
12 01164 0
12 01165 0
12 01166 0
12 01167 0
12 01168 0
12 01169 0
12 01170 0
12 01171 0
12 01172 0
12 01173 0
12 01174 0
12 01175 0
12 01176 0
12 01177 0
12 01178 0
12 01179 0
12 01180 0
12 01181 0
12 01182 0
12 01183 0
12 01184 0
12 01185 0
12 01186 0
12 01187 0
12 01188 0
12 01189 0
12 01190 0
12 01191 0
12 01192 0
12 01193 0
12 01194 0
12 01195 0
12 01196 0
12 01197 0
12 01198 0
12 01199 0
12 01200 0
12 01201 0
12 01202 0
12 01203 0
12 01204 0
12 01205 0
12 01206 0
12 01207 0
12 01208 0
12 01209 0
12 01210 0
12 01211 0
12 01212 0
12 01213 0
12 01214 0
12 01215 0
12 01216 0
12 01217 0
12 01218 0
12 01244 0
12 01245 0
12 01246 0
12 01247 0
12 01248 0
12 01249 0
12 01250 0
12 01251 0
12 01252 0
12 01253 0
12 01254 0
12 01255 0
12 01256 0
12 01257 0
12 01258 0
12 01259 0
12 01260 0
12 01261 0
12 01262 0
12 01263 0
12 01264 0
12 01265 0
12 01266 0
12 01267 0
12 01268 0
12 01269 0
12 01270 0
12 01271 0
12 01272 0
12 01273 0
12 01274 0
12 01275 0
12 01276 0
12 01277 0
12 01278 0
12 01279 0
12 01280 0
12 01281 0
12 01282 0
12 01283 0
12 01284 0
12 01285 0
12 01286 0
12 01287 0
12 01288 0
12 01289 0
12 01290 0
12 01291 0
12 01292 0
12 01293 0
12 01294 0
12 01295 0
12 01296 0
12 01297 0
12 01298 0
12 01299 0
12 01300 0
12 01301 0
12 01302 0
12 01303 0
12 01304 0
12 01305 0
12 01306 0
12 01307 0
12 01308 0
12 01309 0
12 01310 0
12 01311 0
12 01312 0
12 01313 0
12 01314 0
12 01315 0
12 01316 0
12 01317 0
12 01318 0
12 01319 0
12 01320 0
12 01321 0
12 01322 0
12 01323 0
12 01324 0
12 01325 0
12 01326 0
12 01327 0
12 01328 0
12 01329 0
12 01330 0
12 01331 0
12 01332 0
12 01333 0
12 01334 0
12 01335 0
12 01336 0
12 01337 0
12 01338 0
12 01339 0
12 01340 0
12 01341 0
12 01342 0
12 01343 0
12 01344 0
12 01345 0
12 01346 0
12 01347 0
12 01348 0
12 01349 0
12 01350 0
12 01351 0
12 01352 0
12 01353 0
12 01354 0
12 01355 0
12 01356 0
12 01357 0
12 01358 0
12 01359 0
12 01360 0
12 01361 0
12 01362 0
12 01363 0
12 01364 0
12 01365 0
12 01366 0
12 01367 0
12 01368 0
12 01369 0
12 01370 0
12 01371 0
12 01372 0
12 01373 0
12 01374 0
12 01375 0
12 01376 0
12 01377 0
12 01378 0
12 01379 0
12 01380 0
12 01381 0
12 01382 0
12 01383 0
12 01384 0
12 01385 0
12 01386 0
12 01387 0
12 01388 0
12 01389 0
12 01390 0
12 01391 0
12 01392 0
12 01393 0
12 01394 0
12 01395 0
12 01396 0
12 01397 0
12 01398 0
12 01399 0
12 01400 0
12 01401 0
12 01402 0
12 01403 0
12 01404 0
12 01405 0
12 01406 0
12 01407 0
12 01408 0
12 01409 0
12 01410 0
12 01411 0
12 01412 0
12 01413 0
12 01414 0
12 01415 0
12 01416 0
12 01417 0
12 01418 0
12 01419 0
12 01420 0
12 01421 0
12 01422 0
12 01423 0
12 01424 0
12 01425 0
12 01426 0
12 01427 0
12 01428 0
12 01429 0
12 01430 0
12 01431 0
12 01432 0
12 01433 0
12 01434 0
12 01435 0
12 01436 0
12 01437 0
12 01438 0
12 01439 0
12 01440 0
12 01441 0
12 01442 0
12 01443 0
12 01444 0
12 01445 0
12 01446 0
12 01447 0
12 01448 0
12 01449 0
12 01450 0
12 01451 0
12 01452 0
12 01453 0
12 01454 0
12 01455 0
12 01456 0
12 01457 0
12 01458 0
12 01459 0
12 01460 0
12 01461 0
12 01462 0
12 01463 0
12 01464 0
12 01465 0
12 01466 0
12 01467 0
12 01468 0
12 01469 0
12 01470 0
12 01471 0
12 01472 0
12 01473 0
12 01474 0
12 01475 0
12 01476 0
12 01477 0
12 01478 0
12 01479 0
12 01480 0
12 01481 0
12 01482 0
12 01483 0
12 01484 0
12 01485 0
12 01486 0
12 01487 0
12 01488 0
12 01489 0
12 01490 0
12 01491 0
12 01492 0
12 01493 0
12 01494 0
12 01495 0
12 01496 0
12 01497 0
12 01498 0
12 01499 0
12 01500 0
12 01501 0
12 01502 0
12 01503 0
12 01504 0
12 01505 0
12 01506 0
12 01507 0
12 01508 0
12 01509 0
12 01510 0
12 01511 0
12 01512 0
12 01513 0
12 01514 0
12 01515 0
12 01516 0
12 01517 0
12 01518 0
12 01519 0
12 01520 0
12 01521 0
12 01522 0
12 01523 0
12 01524 0
12 01525 0
12 01526 0
12 01527 0
12 01528 0
12 01529 0
12 01530 0
12 01531 0
12 01532 0
12 01533 0
12 01534 0
12 01535 0
12 01536 0
12 01537 0
12 01538 0
12 01539 0
12 01540 0
12 01541 0
12 01542 0
12 01543 0
12 01544 0
12 01545 0
12 01546 0
12 01547 0
12 01548 0
12 01549 0
12 01550 0
12 01551 0
12 01552 0
12 01553 0
12 01554 0
12 01555 0
12 01556 0
12 01557 0
12 01558 0
12 01559 0
12 01560 0
12 01561 0
12 01562 0
12 01563 0
12 01564 0
12 01565 0
12 01566 0
12 01567 0
12 01568 0
12 01569 0
12 01570 0
12 01571 0
12 01572 0
12 01573 0
12 01574 0
12 01575 0
12 01576 0
12 01577 0
12 01578 0
12 01579 0
12 01580 0
12 01581 0
12 01582 0
12 01583 0
12 01584 0
12 01585 0
12 01586 0
12 01587 0
12 01588 0
12 01589 0
12 01590 0
12 01591 0
12 01592 0
12 01593 0
12 01594 0
12 01595 0
12 01596 0
12 01597 0
12 01598 0
12 01599 0
12 01600 0
12 01601 0
12 01602 0
12 01603 0
12 01604 0
12 01605 0
12 01606 0
12 01607 0
12 01608 0
12 01609 0
12 01610 0
12 01611 0
12 01612 0
12 01613 0
12 01614 0
12 01615 0
12 01616 0
12 01617 0
12 01618 0
12 01619 0
12 01620 0
12 01621 0
12 01622 0
12 01623 0
12 01624 0
12 01625 0
12 01626 0
12 01627 0
12 01628 0
12 01629 0
12 01630 0
12 01631 0
12 01632 0
12 01633 0
12 01634 0
12 01635 0
12 01636 0
12 01637 0
12 01638 0
12 01639 0
12 01640 0
12 01641 0
12 01642 0
12 01643 0
12 01644 0
12 01645 0
12 01646 0
12 01647 0
12 01648 0
12 01649 0
12 01650 0
12 01651 0
12 01652 0
12 01653 0
12 01654 0
12 01655 0
12 01656 0
12 01657 0
12 01658 0
12 01659 0
12 01660 0
12 01661 0
12 01662 0
12 01663 0
12 01664 0
12 01665 0
12 01666 0
12 01667 0
12 01668 0
12 01669 0
12 01670 0
12 01671 0
12 01672 0
12 01673 0
12 01674 0
12 01675 0
12 01676 0
12 01677 0
12 01678 0
12 01679 0
12 01680 0
12 01681 0
12 01682 0
12 01683 0
12 01684 0
12 01685 0
12 01686 0
12 01687 0
12 01688 0
12 01689 0
12 01690 0
12 01691 0
12 01692 0
12 01693 0
12 01694 0
12 01695 0
12 01696 0
12 01697 0
12 01698 0
12 01699 0
12 01700 0
12 01701 0
12 01702 0
12 01703 0
12 01704 0
12 01705 0
12 01706 0
12 01707 0
12 01708 0
12 01709 0
12 01710 0
12 01711 0
12 01712 0
12 01713 0
12 01714 0
12 01715 0
12 01716 0
12 01717 0
12 01718 0
12 01719 0
12 01720 0
12 01721 0
12 01722 0
12 01723 0
12 01724 0
12 01725 0
12 01726 0
12 01727 0
12 01728 0
12 01729 0
12 01730 0
12 01731 0
12 01732 0
12 01733 0
12 01734 0
12 01735 0
12 01736 0
12 01737 0
12 01738 0
12 01739 0
12 01740 0
12 01741 0
12 01742 0
12 01743 0
12 01744 0
12 01745 0
12 01746 0
12 01747 0
12 01748 0
12 01749 0
12 01750 0
12 01751 0
12 01752 0
12 01753 0
12 01754 0
12 01755 0
12 01756 0
12 01757 0
12 01758 0
12 01759 0
12 01760 0
12 01761 0
12 01762 0
12 01763 0
12 01764 0
12 01765 0
12 01766 0
12 01767 0
12 01768 0
12 01769 0
12 01770 0
12 01771 0
12 01772 0
12 01773 0
12 01774 0
12 01775 0
12 01776 0
12 01777 0
12 01778 0
12 01779 0
12 01780 0
12 01781 0
12 01782 0
12 01783 0
12 01784 0
12 01785 0
12 01786 0
12 01787 0
12 01788 0
12 01789 0
12 01790 0
12 01791 0
12 01792 0
12 01793 0
12 01794 0
12 01795 0
12 01796 0
12 01797 0
12 01798 0
12 01799 0
12 01800 0
12 01801 0
12 01802 0
12 01803 0
12 01804 0
12 01805 0
12 01806 0
12 01807 0
12 01808 0
12 01809 0
12 01810 0
12 01811 0
12 01812 0
12 01813 0
12 01814 0
12 01815 0
12 01816 0
12 01817 0
12 01818 0
12 01819 0
12 01820 0
12 01821 0
12 01822 0
12 01823 0
12 01824 0
12 01825 0
12 01826 0
12 01827 0
12 01828 0
12 01829 0
12 01830 0
12 01831 0
12 01832 0
12 01833 0
12 01834 0
12 01835 0
12 01836 0
12 01837 0
12 01838 0
12 01839 0
12 01840 0
12 01841 0
12 01842 0
12 01843 0
12 01844 0
12 01845 0
12 01846 0
12 01847 0
12 01848 0
12 01849 0
12 01850 0
12 01851 0
12 01852 0
12 01853 0
12 01854 0
12 01855 0
12 01856 0
12 01857 0
12 01858 0
12 01859 0
12 01860 0
12 01861 0
12 01862 0
12 01863 0
12 01864 0
12 01865 0
12 01866 0
12 01867 0
12 01868 0
12 01869 0
12 01870 0
12 01871 0
12 01872 0
12 01873 0
12 01874 0
12 01875 0
12 01876 0
12 01877 0
12 01878 0
12 01879 0
12 01880 0
12 01881 0
12 01882 0
12 01883 0
12 01884 0
12 01885 0
12 01886 0
12 01887 0
12 01888 0
12 01889 0
12 01890 0
12 01891 0
12 01892 0
12 01893 0
12 01894 0
12 01895 0
12 01896 0
12 01897 0
12 01898 0
12 01899 0
12 01900 0
12 01901 0
12 01902 0
12 01903 0
12 01904 0
12 01905 0
12 01906 0
12 01907 0
12 01908 0
12 01909 0
12 01910 0
12 01911 0
12 01912 0
12 01913 0
12 01914 0
12 01915 0
12 01916 0
12 01917 0
12 01918 0
12 01919 0
12 01920 0
12 01921 0
12 01922 0
12 01923 0
12 01924 0
12 01925 0
12 01926 0
12 01927 0
12 01928 0
12 01929 0
12 01930 0
12 01931 0
12 01932 0
12 01933 0
12 01934 0
12 01935 0
12 01936 0
12 01937 0
12 01938 0
13 00005 0
13 00006 0
13 00007 0
13 00008 0
13 00009 0
13 00010 0
13 00011 0
13 00012 0
13 00013 0
13 00014 0
13 00015 0
13 00016 0
13 00017 0
13 00018 0
13 00019 0
13 00020 0
13 00021 0
13 00022 0
13 00023 0
13 00024 0
13 00025 0
13 00026 0
13 00027 0
13 00028 0
13 00029 0
13 00030 0
13 00031 0
13 00032 0
13 00033 0
13 00034 0
13 00035 0
13 00036 0
13 00037 0
13 00038 0
13 00039 0
13 00040 0
13 00041 0
13 00042 0
13 00043 0
13 00044 0
13 00045 0
13 00046 0
13 00047 0
13 00048 0
13 00049 0
13 00050 0
13 00051 0
13 00052 0
13 00053 0
13 00054 0
13 00055 0
13 00056 0
13 00057 0
13 00058 0
13 00059 0
13 00060 0
13 00061 0
13 00101 0
13 00102 0
13 00103 0
13 00104 0
13 00105 0
13 00106 0
13 00107 0
13 00108 0
13 00109 0
13 00110 0
13 00111 0
13 00112 0
13 00113 0
13 00114 0
13 00115 0
13 00116 0
13 00117 0
13 00118 0
13 00119 0
13 00120 0
13 00121 0
13 00122 0
13 00123 0
13 00124 0
13 00125 0
13 00126 0
13 00127 0
13 00128 0
13 00129 0
13 00130 0
13 00131 0
13 00132 0
13 00133 0
13 00134 0
13 00135 0
13 00136 0
13 00137 0
13 00138 0
13 00139 0
13 00140 0
13 00141 0
13 00142 0
13 00143 0
13 00144 0
13 00145 0
13 00146 0
13 00147 0
13 00148 0
13 00149 0
13 00150 0
13 00151 0
13 00152 0
13 00153 0
13 00154 0
13 00155 0
13 00156 0
13 00157 0
13 00158 0
13 00159 0
13 00160 0
13 00161 0
13 00162 0
13 00163 0
13 00164 0
13 00165 0
13 00166 0
13 00167 0
13 00168 0
13 00169 0
13 00170 0
13 00171 0
13 00172 0
13 00173 0
13 00174 0
13 00175 0
13 00176 0
13 00177 0
13 00178 0
13 00179 0
13 00180 0
13 00181 0
13 00182 0
13 00183 0
13 00184 0
13 00185 0
13 00186 0
13 00187 0
13 00188 0
13 00189 0
13 00190 0
13 00191 0
13 00192 0
13 00193 0
13 00194 0
13 00195 0
13 00196 0
13 00197 0
13 00198 0
13 00199 0
13 00200 0
13 00201 0
13 00202 0
13 00203 0
13 00204 0
13 00205 0
13 00206 0
13 00207 0
13 00208 0
13 00209 0
13 00210 0
13 00211 0
13 00212 0
13 00213 0
13 00214 0
13 00215 0
13 00216 0
13 00217 0
13 00218 0
13 00219 0
13 00220 0
13 00221 0
13 00222 0
13 00223 0
13 00224 0
13 00225 0
13 00226 0
13 00227 0
13 00228 0
13 00229 0
13 00230 0
13 00231 0
13 00232 0
13 00233 0
13 00234 0
13 00235 0
13 00236 0
13 00237 0
13 00238 0
13 00239 0
13 00240 0
13 00241 0
13 00242 0
13 00243 0
13 00244 0
13 00245 0
13 00246 0
13 00247 0
13 00248 0
13 00249 0
13 00250 0
13 00251 0
13 00252 0
13 00253 0
13 00254 0
13 00255 0
13 00256 0
13 00257 0
13 00258 0
13 00259 0
13 00260 0
13 00261 0
13 00262 0
13 00263 0
13 00264 0
13 00265 0
13 00266 0
13 00267 0
13 00268 0
13 00269 0
13 00270 0
13 00271 0
13 00272 0
13 00273 0
13 00274 0
13 00275 0
13 00276 0
13 00277 0
13 00278 0
13 00279 0
13 00280 0
13 00281 0
13 00282 0
13 00283 0
13 00284 0
13 00285 0
13 00286 0
13 00287 0
13 00288 0
13 00289 0
13 00290 0
13 00291 0
13 00292 0
13 00293 0
13 00294 0
13 00295 0
13 00296 0
13 00297 0
13 00298 0
13 00299 0
13 00300 0
13 00301 0
13 00302 0
13 00303 0
13 00304 0
13 00305 0
13 00306 0
13 00307 0
13 00308 0
13 00309 0
13 00310 0
13 00311 0
13 00312 0
13 00313 0
13 00314 0
13 00315 0
13 00316 0
13 00317 0
13 00318 0
13 00319 0
13 00320 0
13 00321 0
13 00322 0
13 00323 0
13 00324 0
13 00325 0
13 00326 0
13 00327 0
13 00328 0
13 00329 0
13 00330 0
13 00331 0
13 00332 0
13 00333 0
13 00334 0
13 00335 0
13 00336 0
13 00337 0
13 00338 0
13 00339 0
13 00340 0
13 00341 0
13 00342 0
13 00343 0
13 00344 0
13 00345 0
13 00346 0
13 00347 0
13 00348 0
13 00349 0
13 00350 0
13 00351 0
13 00352 0
13 00353 0
13 00354 0
13 00355 0
13 00356 0
13 00357 0
13 00358 0
13 00359 0
13 00360 0
13 00361 0
13 00362 0
13 00363 0
13 00364 0
13 00365 0
13 00366 0
13 00367 0
13 00368 0
13 00369 0
13 00370 0
13 00371 0
13 00372 0
13 00373 0
13 00374 0
13 00375 0
13 00376 0
13 00377 0
13 00378 0
13 00379 0
13 00380 0
13 00381 0
13 00382 0
13 00383 0
13 00384 0
13 00385 0
13 00386 0
13 00387 0
13 00388 0
13 00389 0
13 00390 0
13 00391 0
13 00392 0
13 00393 0
13 00394 0
13 00395 0
13 00396 0
13 00397 0
13 00398 0
13 00399 0
13 00400 0
13 00401 0
13 00402 0
13 00403 0
13 00404 0
13 00405 0
13 00406 0
13 00407 0
13 00408 0
13 00409 0
13 00410 0
13 00411 0
13 00412 0
13 00413 0
13 00414 0
13 00415 0
13 00416 0
13 00417 0
13 00418 0
13 00419 0
13 00420 0
13 00421 0
13 00422 0
13 00423 0
13 00424 0
13 00425 0
13 00426 0
13 00427 0
13 00428 0
13 00429 0
13 00430 0
13 00431 0
13 00432 0
13 00433 0
13 00434 0
13 00435 0
13 00436 0
13 00437 0
13 00438 0
13 00439 0
13 00440 0
13 00441 0
13 00442 0
13 00443 0
13 00444 0
13 00445 0
13 00446 0
13 00447 0
13 00448 0
13 00449 0
13 00450 0
13 00451 0
13 00452 0
13 00453 0
13 00454 0
13 00455 0
13 00456 0
13 00457 0
13 00458 0
13 00459 0
13 00460 0
13 00461 0
13 00462 0
13 00463 0
13 00464 0
13 00465 0
13 00466 0
13 00467 0
13 00468 0
13 00469 0
13 00470 0
13 00471 0
13 00472 0
13 00473 0
13 00474 0
13 00475 0
13 00476 0
13 00477 0
13 00478 0
13 00479 0
13 00480 0
13 00481 0
13 00482 0
13 00483 0
13 00484 0
13 00485 0
13 00486 0
13 00487 0
13 00488 0
13 00489 0
13 00490 0
13 00491 0
13 00492 0
13 00493 0
13 00494 0
13 00495 0
13 00496 0
13 00497 0
13 00498 0
13 00499 0
13 00500 0
13 00501 0
13 00502 0
13 00503 0
13 00504 0
13 00505 0
13 00506 0
13 00507 0
13 00508 0
13 00509 0
13 00510 0
13 00511 0
13 00512 0
13 00513 0
13 00514 0
13 00515 0
13 00516 0
13 00517 0
13 00518 0
13 00519 0
13 00520 0
13 00521 0
13 00522 0
13 00523 0
13 00524 0
13 00525 0
13 00526 0
13 00527 0
13 00528 0
13 00529 0
13 00530 0
13 00531 0
13 00532 0
13 00533 0
13 00534 0
13 00535 0
13 00536 0
13 00537 0
13 00538 0
13 00539 0
13 00540 0
13 00541 0
13 00542 0
13 00543 0
13 00544 0
13 00545 0
13 00546 0
13 00547 0
13 00548 0
13 00549 0
13 00550 0
13 00551 0
13 00552 0
13 00553 0
13 00554 0
13 00555 0
13 00556 0
13 00557 0
13 00558 0
13 00559 0
13 00560 0
13 00561 0
13 00562 0
13 00563 0
13 00564 0
13 00565 0
13 00566 0
13 00567 0
13 00568 0
13 00569 0
13 00570 0
13 00571 0
13 00572 0
13 00573 0
13 00574 0
13 00575 0
13 00576 0
13 00577 0
13 00578 0
13 00579 0
13 00580 0
13 00581 0
13 00582 0
13 00583 0
13 00584 0
13 00585 0
13 00586 0
13 00587 0
13 00588 0
13 00589 0
13 00590 0
13 00591 0
13 00592 0
13 00593 0
13 00594 0
13 00595 0
13 00596 0
13 00597 0
13 00598 0
13 00599 0
13 00600 0
13 00601 0
13 00602 0
13 00603 0
13 00604 0
13 00605 0
13 00606 0
14 00005 0
14 00006 0
14 00007 0
14 00008 0
14 00009 0
14 00010 0
14 00011 0
14 00012 0
14 00013 0
14 00014 0
14 00015 0
14 00016 0
14 00017 0
14 00018 0
14 00019 0
14 00020 0
14 00021 0
14 00022 0
14 00023 0
14 00024 0
14 00025 0
14 00026 0
14 00027 0
14 00028 0
14 00029 0
14 00030 0
14 00031 0
14 00032 0
14 00033 0
14 00034 0
14 00035 0
14 00036 0
14 00037 0
14 00038 0
14 00039 0
14 00040 0
14 00041 0
14 00042 0
14 00043 0
14 00044 0
14 00045 0
14 00046 0
14 00047 0
14 00048 0
14 00049 0
14 00050 0
14 00051 0
14 00052 0
14 00053 0
14 00054 0
14 00055 0
14 00056 0
14 00057 0
14 00058 0
14 00059 0
14 00060 0
14 00061 0
14 00062 0
14 00063 0
14 00064 0
14 00065 0
14 00066 0
14 00067 0
14 00068 0
14 00069 0
14 00070 0
14 00071 0
14 00072 0
14 00073 0
14 00074 0
14 00075 0
14 00076 0
14 00077 0
14 00078 0
14 00079 0
14 00080 0
14 00081 0
14 00082 0
14 00083 0
14 00084 0
14 00085 0
14 00086 0
14 00087 0
14 00088 0
14 00089 0
14 00090 0
14 00091 0
14 00092 0
14 00093 0
14 00094 0
14 00095 0
14 00096 0
14 00097 0
14 00098 0
14 00099 0
14 00100 0
14 00101 0
14 00102 0
14 00103 0
14 00104 0
14 00105 0
14 00106 0
14 00107 0
14 00108 0
14 00109 0
14 00110 0
14 00111 0
14 00112 0
14 00113 0
14 00114 0
14 00115 0
14 00116 0
14 00117 0
14 00118 0
14 00119 0
14 00120 0
14 00121 0
14 00122 0
14 00123 0
14 00124 0
14 00125 0
14 00126 0
14 00127 0
14 00128 0
14 00129 0
14 00130 0
14 00131 0
14 00132 0
14 00133 0
14 00134 0
14 00135 0
14 00136 0
14 00137 0
14 00138 0
14 00139 0
14 00140 0
14 00141 0
14 00142 0
14 00143 0
14 00144 0
14 00145 0
14 00146 0
14 00147 0
14 00148 0
14 00149 0
14 00150 0
14 00151 0
14 00152 0
14 00153 0
14 00154 0
14 00155 0
14 00156 0
14 00157 0
14 00158 0
14 00159 0
14 00160 0
14 00161 0
14 00162 0
14 00163 0
14 00164 0
14 00165 0
14 00166 0
14 00167 0
14 00168 0
14 00169 0
14 00170 0
14 00171 0
14 00172 0
14 00173 0
14 00174 0
14 00175 0
14 00176 0
14 00177 0
14 00178 0
14 00179 0
14 00180 0
14 00181 0
14 00182 0
14 00183 0
14 00184 0
14 00185 0
14 00186 0
14 00187 0
14 00188 0
14 00189 0
14 00190 0
14 00191 0
14 00192 0
14 00193 0
14 00194 0
14 00195 0
14 00196 0
14 00197 0
14 00198 0
14 00199 0
14 00200 0
14 00201 0
14 00202 0
14 00203 0
14 00204 0
14 00205 0
14 00206 0
14 00207 0
14 00208 0
14 00209 0
14 00210 0
14 00211 0
14 00212 0
14 00213 0
14 00214 0
14 00215 0
14 00216 0
14 00217 0
14 00218 0
14 00219 0
14 00220 0
14 00221 0
14 00222 0
14 00223 0
14 00224 0
14 00225 0
14 00226 0
14 00227 0
14 00228 0
14 00229 0
14 00230 0
14 00231 0
14 00232 0
14 00233 0
14 00234 0
14 00235 0
14 00236 0
14 00237 0
14 00238 0
14 00239 0
14 00240 0
14 00241 0
14 00242 0
14 00243 0
14 00244 0
14 00245 0
14 00246 0
14 00247 0
14 00248 0
14 00249 0
14 00250 0
14 00285 0
14 00286 0
14 00287 0
14 00288 0
14 00289 0
14 00290 0
14 00291 0
14 00292 0
14 00293 0
14 00294 0
14 00295 0
14 00296 0
14 00297 0
14 00298 0
14 00299 0
14 00300 0
14 00301 0
14 00302 0
14 00303 0
14 00304 0
14 00305 0
14 00306 0
14 00307 0
14 00308 0
14 00309 0
14 00310 0
14 00311 0
14 00312 0
14 00313 0
14 00314 0
14 00315 0
14 00316 0
14 00317 0
14 00318 0
14 00319 0
14 00320 0
14 00321 0
14 00322 0
14 00323 0
14 00324 0
14 00325 0
14 00326 0
14 00327 0
14 00328 0
14 00329 0
14 00330 0
14 00331 0
14 00332 0
14 00333 0
14 00334 0
14 00335 0
14 00336 0
14 00337 0
14 00338 0
14 00339 0
14 00340 0
14 00341 0
14 00342 0
14 00343 0
14 00344 0
14 00345 0
14 00346 0
14 00347 0
14 00348 0
14 00349 0
14 00350 0
14 00351 0
14 00352 0
14 00353 0
14 00354 0
14 00355 0
14 00356 0
14 00357 0
14 00358 0
14 00359 0
14 00360 0
14 00361 0
14 00362 0
14 00363 0
14 00364 0
14 00365 0
14 00366 0
14 00367 0
14 00368 0
14 00369 0
14 00370 0
14 00371 0
14 00372 0
14 00373 0
14 00374 0
14 00375 0
14 00376 0
14 00377 0
14 00378 0
14 00379 0
14 00380 0
14 00381 0
14 00382 0
14 00383 0
14 00384 0
14 00385 0
14 00386 0
14 00387 0
14 00388 0
14 00389 0
14 00390 0
14 00391 0
14 00392 0
14 00393 0
14 00394 0
14 00395 0
14 00396 0
14 00397 0
14 00398 0
14 00399 0
14 00400 0
14 00401 0
14 00402 0
14 00403 0
14 00404 0
14 00405 0
14 00406 0
14 00407 0
14 00408 0
14 00409 0
14 00410 0
14 00411 0
14 00412 0
14 00413 0
14 00414 0
14 00415 0
14 00416 0
14 00417 0
14 00418 0
14 00419 0
14 00420 0
14 00421 0
14 00422 0
14 00423 0
14 00424 0
14 00425 0
14 00426 0
14 00427 0
14 00428 0
14 00429 0
14 00430 0
14 00431 0
14 00432 0
14 00433 0
14 00434 0
14 00435 0
14 00436 0
14 00437 0
14 00438 0
14 00439 0
14 00440 0
14 00441 0
14 00442 0
14 00443 0
14 00444 0
14 00445 0
14 00446 0
14 00447 0
14 00448 0
14 00449 0
14 00450 0
14 00451 0
14 00452 0
14 00453 0
14 00454 0
14 00455 0
14 00456 0
14 00457 0
14 00458 0
14 00459 0
14 00460 0
14 00461 0
14 00462 0
14 00463 0
14 00464 0
14 00465 0
14 00466 0
14 00467 0
14 00468 0
14 00469 0
14 00470 0
14 00471 0
14 00472 0
14 00473 0
14 00474 0
14 00475 0
14 00476 0
14 00477 0
14 00478 0
14 00479 0
14 00480 0
14 00481 0
14 00482 0
14 00483 0
14 00484 0
14 00485 0
14 00486 0
14 00487 0
14 00488 0
14 00489 0
14 00490 0
14 00491 0
14 00492 0
14 00493 0
14 00494 0
14 00495 0
14 00496 0
14 00497 0
14 00498 0
14 00499 0
14 00500 0
14 00501 0
14 00502 0
14 00503 0
14 00504 0
14 00505 0
14 00506 0
14 00507 0
14 00508 0
14 00509 0
14 00510 0
14 00511 0
14 00512 0
14 00513 0
14 00514 0
14 00515 0
14 00516 0
14 00517 0
14 00518 0
14 00519 0
14 00520 0
14 00521 0
14 00522 0
14 00523 0
14 00524 0
14 00525 0
14 00526 0
14 00527 0
14 00528 0
14 00529 0
14 00530 0
14 00531 0
14 00532 0
14 00533 0
14 00534 0
14 00535 0
14 00536 0
14 00537 0
14 00538 0
14 00539 0
14 00540 0
14 00541 0
14 00542 0
14 00543 0
14 00544 0
14 00545 0
14 00546 0
14 00547 0
14 00548 0
14 00549 0
14 00550 0
14 00551 0
14 00552 0
14 00553 0
14 00554 0
14 00555 0
14 00556 0
14 00557 0
14 00558 0
14 00559 0
14 00560 0
14 00561 0
14 00562 0
14 00563 0
14 00564 0
14 00565 0
14 00566 0
14 00567 0
14 00568 0
14 00569 0
14 00570 0
14 00571 0
14 00572 0
14 00573 0
14 00574 0
14 00575 0
14 00576 0
14 00577 0
14 00578 0
14 00579 0
14 00580 0
14 00581 0
14 00582 0
14 00583 0
14 00584 0
14 00585 0
14 00586 0
14 00587 0
14 00588 0
14 00589 0
14 00590 0
14 00591 0
14 00592 0
14 00593 0
14 00594 0
14 00595 0
14 00596 0
14 00597 0
14 00598 0
14 00599 0
14 00600 0
14 00601 0
14 00602 0
14 00603 0
14 00604 0
14 00605 0
14 00606 0
14 00607 0
14 00608 0
14 00609 0
14 00610 0
14 00611 0
14 00612 0
14 00613 0
14 00614 0
14 00615 0
14 00616 0
14 00617 0
14 00618 0
14 00619 0
14 00620 0
14 00621 0
14 00622 0
14 00623 0
14 00624 0
14 00625 0
14 00626 0
14 00627 0
14 00628 0
14 00629 0
14 00630 0
14 00631 0
14 00632 0
14 00633 0
14 00634 0
14 00635 0
14 00636 0
14 00637 0
14 00638 0
14 00639 0
14 00640 0
14 00641 0
14 00642 0
14 00643 0
14 00644 0
14 00645 0
14 00646 0
14 00647 0
14 00648 0
14 00649 0
14 00650 0
14 00651 0
14 00652 0
14 00653 0
14 00654 0
14 00655 0
14 00656 0
14 00657 0
14 00658 0
14 00659 0
14 00660 0
14 00661 0
14 00662 0
14 00663 0
14 00664 0
14 00665 0
14 00666 0
14 00667 0
14 00668 0
14 00669 0
14 00670 0
14 00671 0
14 00672 0
14 00673 0
14 00674 0
14 00675 0
14 00676 0
14 00677 0
14 00678 0
14 00679 0
14 00680 0
14 00681 0
14 00682 0
14 00683 0
14 00684 0
14 00685 0
14 00686 0
14 00687 0
14 00688 0
14 00689 0
14 00690 0
14 00691 0
14 00692 0
14 00693 0
14 00694 0
14 00695 0
14 00696 0
14 00697 0
14 00698 0
14 00699 0
14 00700 0
14 00701 0
14 00702 0
14 00703 0
14 00704 0
14 00705 0
14 00706 0
14 00707 0
14 00708 0
14 00709 0
14 00710 0
14 00711 0
14 00712 0
14 00713 0
14 00714 0
14 00715 0
14 00716 0
14 00717 0
14 00718 0
14 00719 0
14 00720 0
14 00721 0
14 00722 0
14 00723 0
14 00724 0
14 00725 0
14 00726 0
14 00727 0
14 00728 0
14 00729 0
14 00730 0
15 00005 0
15 00006 0
15 00007 0
15 00008 0
15 00009 0
15 00010 0
15 00011 0
15 00012 0
15 00013 0
15 00014 0
15 00015 0
15 00016 0
15 00017 0
15 00018 0
15 00019 0
15 00020 0
15 00021 0
15 00022 0
15 00023 0
15 00024 0
15 00025 0
15 00026 0
15 00027 0
15 00028 0
15 00029 0
15 00030 0
15 00031 0
15 00032 0
15 00033 0
15 00034 0
15 00035 0
15 00036 0
15 00037 0
15 00038 0
15 00039 0
15 00040 0
15 00041 0
15 00042 0
15 00043 0
15 00044 0
15 00045 0
15 00046 0
15 00047 0
15 00048 0
15 00049 0
15 00050 0
15 00051 0
15 00052 0
15 00053 0
15 00054 0
15 00055 0
15 00056 0
15 00057 0
15 00058 0
15 00059 0
15 00060 0
15 00061 0
15 00062 0
15 00063 0
15 00064 0
15 00065 0
15 00066 0
15 00067 0
15 00068 0
15 00069 0
15 00070 0
15 00071 0
15 00072 0
15 00073 0
15 00074 0
15 00075 0
15 00076 0
15 00077 0
15 00078 0
15 00079 0
15 00080 0
15 00081 0
15 00082 0
15 00083 0
15 00084 0
15 00085 0
15 00086 0
15 00087 0
15 00088 0
15 00089 0
15 00090 0
15 00091 0
15 00092 0
15 00093 0
15 00094 0
15 00095 0
15 00096 0
15 00097 0
15 00098 0
15 00099 0
15 00100 0
15 00101 0
15 00102 0
15 00103 0
15 00104 0
15 00105 0
15 00106 0
15 00107 0
15 00108 0
15 00109 0
15 00110 0
15 00111 0
15 00112 0
15 00113 0
15 00114 0
15 00115 0
15 00116 0
15 00117 0
15 00118 0
15 00119 0
15 00120 0
15 00121 0
15 00122 0
15 00123 0
15 00124 0
15 00125 0
15 00126 0
15 00127 0
15 00128 0
15 00129 0
15 00130 0
15 00131 0
15 00132 0
15 00133 0
15 00134 0
15 00135 0
15 00136 0
15 00137 0
15 00138 0
15 00139 0
15 00140 0
15 00141 0
15 00142 0
15 00143 0
15 00144 0
15 00145 0
15 00146 0
15 00147 0
15 00148 0
15 00149 0
15 00150 0
15 00151 0
15 00152 0
15 00153 0
15 00154 0
15 00155 0
15 00156 0
15 00157 0
15 00158 0
15 00159 0
15 00160 0
15 00161 0
15 00162 0
15 00163 0
15 00164 0
15 00165 0
15 00166 0
15 00167 0
15 00168 0
15 00169 0
15 00170 0
15 00171 0
15 00172 0
15 00173 0
15 00174 0
15 00175 0
15 00176 0
15 00177 0
15 00178 0
15 00179 0
15 00180 0
15 00181 0
15 00182 0
15 00183 0
15 00184 0
15 00185 0
15 00186 0
15 00187 0
15 00188 0
15 00189 0
15 00190 0
15 00191 0
15 00192 0
15 00193 0
15 00194 0
15 00195 0
15 00196 0
15 00197 0
15 00198 0
15 00199 0
15 00200 0
15 00201 0
15 00202 0
15 00203 0
15 00204 0
15 00205 0
15 00206 0
15 00207 0
15 00208 0
15 00209 0
15 00210 0
15 00211 0
15 00212 0
15 00213 0
15 00214 0
15 00215 0
15 00216 0
15 00217 0
15 00218 0
15 00219 0
15 00220 0
15 00221 0
15 00222 0
15 00223 0
15 00224 0
15 00225 0
15 00226 0
15 00227 0
15 00228 0
15 00229 0
15 00230 0
15 00231 0
15 00232 0
15 00233 0
15 00234 0
15 00235 0
15 00236 0
15 00237 0
15 00238 0
15 00239 0
15 00240 0
15 00241 0
15 00242 0
15 00243 0
15 00244 0
15 00245 0
15 00246 0
15 00247 0
15 00248 0
15 00249 0
15 00250 0
15 00251 0
15 00252 0
15 00253 0
15 00254 0
15 00255 0
15 00256 0
15 00257 0
15 00258 0
15 00259 0
15 00260 0
15 00261 0
15 00262 0
15 00263 0
15 00264 0
15 00265 0
15 00266 0
15 00267 0
15 00268 0
15 00269 0
15 00270 0
15 00271 0
15 00272 0
15 00273 0
15 00274 0
15 00275 0
15 00276 0
15 00277 0
15 00278 0
15 00279 0
15 00280 0
15 00281 0
15 00282 0
15 00283 0
15 00284 0
15 00285 0
15 00286 0
15 00287 0
15 00288 0
15 00289 0
15 00290 0
15 00291 0
15 00292 0
15 00293 0
15 00294 0
15 00295 0
15 00296 0
15 00297 0
15 00298 0
15 00299 0
15 00300 0
15 00301 0
15 00302 0
15 00303 0
15 00304 0
15 00305 0
15 00306 0
15 00307 0
15 00308 0
15 00309 0
15 00310 0
15 00311 0
15 00312 0
15 00313 0
15 00314 0
15 00315 0
15 00316 0
15 00317 0
15 00318 0
15 00319 0
15 00320 0
15 00321 0
15 00322 0
15 00323 0
15 00324 0
15 00325 0
15 00326 0
15 00327 0
15 00328 0
15 00329 0
15 00330 0
15 00331 0
15 00332 0
15 00333 0
15 00334 0
15 00335 0
15 00336 0
15 00337 0
15 00338 0
15 00339 0
15 00340 0
15 00341 0
15 00342 0
15 00343 0
15 00344 0
15 00345 0
15 00346 0
15 00347 0
15 00348 0
15 00349 0
15 00350 0
15 00351 0
15 00352 0
15 00353 0
15 00354 0
15 00355 0
15 00356 0
15 00357 0
15 00358 0
15 00359 0
15 00360 0
15 00361 0
15 00362 0
15 00363 0
15 00364 0
15 00365 0
15 00366 0
15 00367 0
15 00368 0
15 00369 0
15 00370 0
15 00371 0
15 00372 0
15 00373 0
15 00374 0
15 00375 0
15 00376 0
15 00377 0
15 00378 0
15 00379 0
15 00380 0
15 00381 0
15 00382 0
15 00383 0
15 00384 0
15 00385 0
15 00386 0
15 00387 0
15 00388 0
15 00389 0
15 00390 0
15 00391 0
15 00392 0
15 00393 0
15 00394 0
15 00395 0
15 00396 0
15 00397 0
15 00398 0
15 00399 0
15 00400 0
15 00401 0
15 00402 0
15 00403 0
15 00404 0
15 00405 0
15 00406 0
15 00407 0
15 00408 0
15 00409 0
15 00410 0
15 00411 0
15 00412 0
15 00413 0
15 00414 0
15 00415 0
15 00416 0
15 00417 0
15 00418 0
15 00419 0
15 00420 0
15 00421 0
15 00422 0
15 00423 0
15 00424 0
15 00425 0
15 00426 0
15 00427 0
15 00428 0
15 00429 0
15 00430 0
15 00431 0
15 00432 0
15 00433 0
15 00434 0
15 00435 0
15 00436 0
15 00437 0
15 00438 0
15 00439 0
15 00440 0
15 00441 0
15 00442 0
15 00443 0
15 00444 0
15 00445 0
15 00446 0
15 00447 0
15 00448 0
15 00449 0
15 00450 0
15 00451 0
15 00452 0
15 00453 0
15 00454 0
15 00455 0
15 00456 0
15 00457 0
15 00458 0
15 00459 0
15 00460 0
15 00461 0
15 00462 0
15 00463 0
15 00464 0
15 00465 0
15 00466 0
15 00467 0
15 00468 0
15 00469 0
15 00470 0
15 00471 0
15 00472 0
15 00473 0
15 00474 0
15 00475 0
15 00476 0
15 00477 0
15 00478 0
16 00005 0
16 00006 0
16 00007 0
16 00008 0
16 00009 0
16 00010 0
16 00011 0
16 00012 0
16 00013 0
16 00014 0
16 00015 0
16 00016 0
16 00017 0
16 00018 0
16 00019 0
16 00020 0
16 00021 0
16 00022 0
16 00023 0
16 00024 0
16 00025 0
16 00026 0
16 00027 0
16 00028 0
16 00029 0
16 00030 0
16 00031 0
16 00032 0
16 00033 0
16 00034 0
16 00035 0
16 00036 0
16 00037 0
16 00038 0
16 00039 0
16 00040 0
16 00041 0
16 00042 0
16 00043 0
16 00044 0
16 00045 0
16 00046 0
16 00047 0
16 00048 0
16 00049 0
16 00050 0
16 00051 0
16 00052 0
16 00053 0
16 00054 0
16 00055 0
16 00056 0
16 00057 0
16 00058 0
16 00059 0
16 00060 0
16 00061 0
16 00062 0
16 00063 0
16 00064 0
16 00065 0
16 00066 0
16 00067 0
16 00068 0
16 00069 0
16 00070 0
16 00071 0
16 00072 0
16 00073 0
16 00074 0
16 00075 0
16 00076 0
16 00077 0
16 00078 0
16 00079 0
16 00080 0
16 00081 0
16 00082 0
16 00083 0
16 00084 0
16 00085 0
16 00086 0
16 00087 0
16 00088 0
16 00089 0
16 00090 0
16 00091 0
16 00092 0
16 00093 0
16 00094 0
16 00095 0
16 00096 0
16 00097 0
16 00098 0
16 00099 0
16 00100 0
16 00101 0
16 00102 0
16 00103 0
16 00104 0
16 00105 0
16 00106 0
16 00107 0
16 00108 0
16 00109 0
16 00110 0
16 00111 0
16 00112 0
16 00113 0
16 00114 0
16 00115 0
16 00116 0
16 00117 0
16 00118 0
16 00119 0
16 00120 0
16 00121 0
16 00122 0
16 00123 0
16 00124 0
16 00125 0
16 00126 0
16 00127 0
16 00128 0
16 00129 0
16 00130 0
16 00131 0
16 00132 0
16 00158 0
16 00159 0
16 00160 0
16 00161 0
16 00162 0
16 00163 0
16 00164 0
16 00165 0
16 00166 0
16 00167 0
16 00168 0
16 00169 0
16 00170 0
16 00171 0
16 00172 0
16 00173 0
16 00174 0
16 00175 0
16 00176 0
16 00177 0
16 00178 0
16 00179 0
16 00180 0
16 00181 0
16 00182 0
16 00183 0
16 00184 0
16 00185 0
16 00186 0
16 00187 0
16 00188 0
16 00189 0
16 00190 0
16 00191 0
16 00192 0
16 00193 0
16 00194 0
16 00195 0
16 00196 0
16 00197 0
16 00198 0
16 00199 0
16 00200 0
16 00201 0
16 00202 0
16 00203 0
16 00204 0
16 00205 0
16 00206 0
16 00207 0
16 00208 0
16 00209 0
16 00210 0
16 00211 0
16 00212 0
16 00213 0
16 00214 0
16 00215 0
16 00216 0
16 00217 0
16 00218 0
16 00219 0
16 00220 0
16 00221 0
16 00222 0
16 00223 0
16 00224 0
16 00225 0
16 00226 0
16 00227 0
16 00228 0
16 00229 0
16 00230 0
16 00231 0
16 00232 0
16 00233 0
16 00234 0
16 00235 0
16 00236 0
16 00237 0
16 00238 0
16 00239 0
16 00240 0
16 00241 0
16 00242 0
16 00243 0
16 00244 0
16 00245 0
16 00246 0
16 00247 0
16 00248 0
16 00249 0
16 00250 0
16 00251 0
16 00252 0
16 00253 0
16 00254 0
16 00255 0
16 00256 0
16 00257 0
16 00258 0
16 00259 0
16 00260 0
16 00261 0
16 00262 0
16 00263 0
16 00264 0
16 00265 0
16 00266 0
16 00267 0
16 00268 0
16 00269 0
16 00270 0
16 00271 0
16 00272 0
16 00273 0
16 00274 0
16 00275 0
16 00276 0
16 00277 0
16 00278 0
16 00279 0
16 00280 0
16 00281 0
16 00282 0
16 00283 0
16 00284 0
16 00285 0
16 00286 0
16 00287 0
16 00288 0
16 00289 0
16 00290 0
16 00291 0
16 00292 0
16 00293 0
16 00294 0
16 00295 0
16 00296 0
16 00297 0
16 00298 0
16 00299 0
16 00300 0
16 00301 0
16 00302 0
16 00303 0
16 00304 0
16 00305 0
16 00306 0
16 00307 0
16 00308 0
16 00309 0
16 00310 0
16 00311 0
16 00312 0
16 00313 0
16 00314 0
16 00315 0
16 00316 0
16 00317 0
16 00318 0
16 00319 0
16 00320 0
16 00321 0
16 00322 0
16 00323 0
16 00324 0
16 00325 0
16 00326 0
16 00327 0
16 00328 0
16 00329 0
16 00330 0
16 00331 0
16 00332 0
16 00333 0
16 00334 0
16 00335 0
16 00336 0
16 00337 0
16 00338 0
16 00339 0
16 00340 0
16 00341 0
16 00342 0
16 00343 0
16 00344 0
16 00345 0
16 00346 0
16 00347 0
16 00348 0
16 00349 0
16 00350 0
16 00351 0
16 00352 0
16 00353 0
16 00354 0
16 00355 0
16 00356 0
16 00357 0
16 00358 0
16 00359 0
16 00360 0
16 00361 0
16 00362 0
16 00363 0
16 00364 0
16 00365 0
16 00366 0
16 00367 0
16 00368 0
16 00369 0
16 00370 0
16 00371 0
16 00372 0
16 00373 0
16 00374 0
16 00375 0
16 00376 0
16 00377 0
16 00378 0
16 00379 0
16 00380 0
16 00381 0
16 00382 0
16 00383 0
16 00384 0
16 00385 0
16 00386 0
16 00387 0
16 00388 0
16 00389 0
16 00390 0
16 00391 0
16 00392 0
16 00393 0
16 00394 0
16 00395 0
16 00396 0
16 00397 0
16 00398 0
16 00399 0
16 00400 0
16 00401 0
16 00402 0
16 00403 0
16 00404 0
16 00405 0
16 00406 0
16 00407 0
16 00408 0
16 00409 0
16 00410 0
16 00411 0
16 00412 0
16 00413 0
16 00414 0
16 00415 0
16 00416 0
16 00417 0
16 00418 0
16 00419 0
16 00420 0
16 00421 0
16 00422 0
16 00423 0
16 00424 0
16 00425 0
16 00426 0
16 00427 0
16 00428 0
16 00429 0
16 00430 0
16 00431 0
16 00432 0
16 00433 0
16 00434 0
16 00435 0
16 00436 0
16 00437 0
16 00438 0
16 00439 0
16 00440 0
16 00441 0
16 00442 0
16 00443 0
16 00444 0
16 00445 0
16 00446 0
16 00447 0
16 00448 0
16 00449 0
16 00450 0
16 00451 0
16 00452 0
16 00453 0
16 00454 0
16 00455 0
16 00456 0
16 00457 0
16 00458 0
16 00459 0
16 00460 0
16 00461 0
16 00462 0
16 00463 0
16 00464 0
16 00465 0
16 00466 0
16 00467 0
16 00468 0
16 00469 0
16 00470 0
16 00471 0
16 00472 0
16 00473 0
16 00474 0
16 00475 0
16 00476 0
16 00477 0
16 00478 0
16 00479 0
16 00480 0
16 00481 0
16 00482 0
16 00483 0
16 00484 0
16 00485 0
16 00486 0
16 00487 0
16 00488 0
16 00489 0
16 00490 0
16 00491 0
16 00492 0
16 00493 0
16 00494 0
16 00495 0
16 00496 0
16 00497 0
16 00498 0
16 00499 0
16 00500 0
16 00501 0
16 00502 0
16 00503 0
16 00504 0
16 00505 0
16 00506 0
16 00507 0
16 00508 0
16 00509 0
16 00510 0
16 00511 0
16 00512 0
16 00513 0
16 00514 0
16 00515 0
16 00516 0
16 00517 0
16 00518 0
16 00519 0
16 00520 0
16 00521 0
16 00522 0
16 00523 0
16 00524 0
16 00525 0
16 00526 0
16 00527 0
16 00528 0
16 00529 0
16 00530 0
16 00531 0
16 00532 0
16 00533 0
16 00534 0
16 00535 0
16 00536 0
16 00537 0
16 00538 0
16 00539 0
16 00540 0
16 00541 0
16 00542 0
16 00543 0
16 00544 0
16 00545 0
16 00546 0
16 00547 0
16 00548 0
16 00549 0
16 00550 0
16 00551 0
16 00552 0
16 00553 0
16 00554 0
16 00555 0
16 00556 0
16 00557 0
16 00558 0
16 00559 0
16 00560 0
16 00561 0
16 00562 0
16 00563 0
16 00564 0
16 00565 0
16 00566 0
16 00567 0
16 00568 0
16 00569 0
16 00570 0
16 00571 0
16 00572 0
16 00573 0
16 00574 0
16 00575 0
16 00576 0
16 00577 0
16 00578 0
16 00579 0
16 00580 0
16 00581 0
16 00582 0
16 00583 0
16 00584 0
16 00585 0
16 00586 0
16 00587 0
16 00588 0
16 00589 0
16 00590 0
16 00591 0
16 00592 0
16 00593 0
16 00594 0
16 00595 0
16 00596 0
16 00597 0
16 00598 0
16 00599 0
16 00600 0
16 00601 0
16 00602 0
16 00603 0
16 00604 0
16 00605 0
16 00606 0
16 00607 0
16 00608 0
16 00609 0
16 00610 0
16 00611 0
16 00612 0
16 00613 0
16 00614 0
16 00615 0
16 00616 0
16 00617 0
16 00618 0
16 00619 0
16 00620 0
16 00621 0
16 00622 0
16 00623 0
16 00624 0
16 00625 0
16 00626 0
16 00627 0
16 00628 0
16 00629 0
16 00630 0
16 00631 0
16 00632 0
16 00633 0
16 00634 0
16 00635 0
16 00636 0
16 00637 0
16 00638 0
16 00639 0
16 00640 0
16 00641 0
16 00642 0
16 00643 0
16 00644 0
16 00645 0
16 00646 0
16 00647 0
16 00648 0
16 00649 0
16 00650 0
16 00651 0
16 00652 0
16 00653 0
16 00654 0
16 00655 0
16 00656 0
16 00657 0
16 00658 0
16 00659 0
16 00660 0
16 00661 0
16 00662 0
16 00663 0
16 00664 0
16 00665 0
16 00666 0
16 00667 0
16 00668 0
16 00669 0
16 00670 0
16 00671 0
16 00672 0
16 00673 0
16 00674 0
16 00675 0
16 00676 0
16 00677 0
16 00678 0
16 00679 0
16 00680 0
16 00681 0
16 00682 0
16 00683 0
16 00684 0
16 00685 0
16 00686 0
16 00687 0
16 00688 0
16 00689 0
16 00690 0
16 00691 0
16 00692 0
16 00693 0
16 00694 0
16 00695 0
16 00696 0
16 00697 0
16 00698 0
16 00699 0
16 00700 0
16 00701 0
16 00702 0
16 00703 0
16 00704 0
16 00705 0
16 00706 0
16 00707 0
16 00708 0
16 00709 0
16 00710 0
16 00711 0
16 00712 0
16 00713 0
16 00714 0
16 00715 0
16 00716 0
16 00717 0
16 00718 0
16 00719 0
16 00720 0
16 00721 0
16 00722 0
16 00723 0
16 00724 0
16 00725 0
16 00726 0
16 00727 0
16 00728 0
16 00729 0
16 00730 0
16 00731 0
16 00732 0
16 00733 0
16 00734 0
16 00735 0
16 00736 0
16 00737 0
16 00738 0
16 00739 0
16 00740 0
16 00741 0
16 00742 0
16 00743 0
16 00744 0
16 00745 0
16 00746 0
16 00747 0
16 00748 0
16 00749 0
16 00750 0
16 00751 0
16 00752 0
16 00753 0
16 00754 0
16 00755 0
16 00756 0
16 00757 0
16 00758 0
16 00759 0
16 00760 0
16 00761 0
16 00762 0
16 00763 0
16 00764 0
16 00765 0
16 00766 0
16 00767 0
16 00768 0
16 00769 0
16 00770 0
16 00771 0
16 00772 0
16 00773 0
16 00774 0
16 00775 0
16 00776 0
16 00777 0
16 00778 0
16 00779 0
16 00780 0
16 00781 0
16 00782 0
16 00783 0
16 00784 0
16 00785 0
16 00786 0
16 00787 0
16 00788 0
16 00789 0
16 00790 0
16 00791 0
16 00792 0
16 00793 0
16 00794 0
16 00795 0
16 00796 0
16 00797 0
16 00798 0
16 00799 0
16 00800 0
16 00801 0
16 00802 0
16 00803 0
16 00804 0
16 00805 0
16 00806 0
16 00807 0
16 00808 0
16 00809 0
16 00810 0
16 00811 0
16 00812 0
16 00813 0
16 00814 0
16 00815 0
16 00816 0
16 00817 0
16 00818 0
16 00819 0
16 00820 0
16 00821 0
16 00822 0
16 00823 0
16 00824 0
16 00825 0
16 00826 0
16 00827 0
16 00828 0
16 00829 0
16 00830 0
16 00831 0
16 00832 0
16 00833 0
16 00834 0
16 00835 0
16 00836 0
16 00837 0
16 00838 0
16 00839 0
16 00840 0
16 00841 0
16 00842 0
16 00843 0
16 00844 0
16 00845 0
16 00846 0
16 00847 0
16 00848 0
16 00849 0
16 00850 0
16 00851 0
16 00852 0
16 00853 0
16 00854 0
16 00855 0
16 00856 0
16 00857 0
16 00858 0
16 00859 0
16 00860 0
16 00861 0
16 00862 0
16 00863 0
16 00864 0
16 00865 0
16 00866 0
16 00867 0
16 00868 0
16 00869 0
16 00870 0
16 00871 0
16 00872 0
16 00873 0
16 00874 0
16 00875 0
16 00876 0
16 00877 0
16 00878 0
16 00879 0
16 00880 0
16 00881 0
16 00882 0
16 00883 0
16 00884 0
16 00885 0
16 00886 0
16 00887 0
16 00888 0
16 00889 0
16 00890 0
16 00891 0
16 00892 0
16 00893 0
16 00894 0
16 00895 0
16 00896 0
16 00897 0
16 00898 0
16 00899 0
16 00900 0
16 00901 0
16 00902 0
16 00903 0
16 00904 0
16 00905 0
16 00906 0
16 00907 0
16 00908 0
16 00909 0
16 00910 0
16 00911 0
16 00912 0
16 00913 0
16 00914 0
16 00915 0
16 00916 0
16 00917 0
16 00918 0
16 00919 0
16 00920 0
16 00921 0
16 00922 0
16 00923 0
16 00924 0
16 00925 0
16 00926 0
16 00927 0
16 00928 0
16 00929 0
16 00930 0
16 00931 0
16 00932 0
16 00933 0
16 00934 0
16 00935 0
16 00936 0
16 00937 0
16 00938 0
16 00939 0
16 00940 0
16 00941 0
16 00942 0
16 00943 0
16 00944 0
16 00945 0
16 00946 0
16 00947 0
16 00948 0
16 00949 0
16 00950 0
16 00951 0
16 00952 0
16 00953 0
16 00954 0
16 00955 0
16 00956 0
16 00957 0
16 00958 0
16 00959 0
16 00960 0
16 00961 0
16 00962 0
16 00963 0
16 00964 0
16 00965 0
16 00966 0
16 00967 0
16 00968 0
16 00969 0
16 00970 0
16 00971 0
16 00972 0
16 00973 0
16 00974 0
16 00975 0
16 00976 0
16 00977 0
16 00978 0
16 00979 0
16 00980 0
16 00981 0
16 00982 0
16 00983 0
16 00984 0
16 00985 0
16 00986 0
16 00987 0
16 00988 0
16 00989 0
16 00990 0
16 00991 0
16 00992 0
16 00993 0
16 00994 0
16 00995 0
16 00996 0
16 00997 0
16 00998 0
16 00999 0
16 01000 0
16 01001 0
16 01002 0
16 01003 0
16 01004 0
16 01005 0
16 01006 0
16 01007 0
16 01008 0
16 01009 0
16 01010 0
16 01011 0
16 01012 0
16 01013 0
16 01014 0
16 01015 0
16 01016 0
16 01017 0
16 01018 0
16 01019 0
16 01020 0
16 01021 0
16 01022 0
16 01023 0
16 01024 0
16 01025 0
16 01026 0
16 01027 0
16 01028 0
16 01029 0
16 01030 0
16 01031 0
16 01032 0
16 01033 0
16 01034 0
16 01035 0
16 01036 0
16 01037 0
16 01038 0
16 01039 0
16 01040 0
16 01041 0
16 01042 0
16 01043 0
16 01044 0
16 01045 0
16 01046 0
16 01047 0
16 01048 0
16 01049 0
16 01050 0
16 01051 0
16 01052 0
16 01053 0
16 01054 0
16 01055 0
16 01056 0
16 01057 0
16 01058 0
16 01059 0
16 01060 0
16 01061 0
16 01062 0
16 01063 0
16 01064 0
16 01065 0
16 01066 0
16 01067 0
16 01068 0
16 01069 0
16 01070 0
16 01071 0
16 01072 0
16 01073 0
16 01074 0
16 01075 0
16 01076 0
16 01077 0
16 01078 0
16 01079 0
16 01080 0
16 01081 0
16 01082 0
16 01083 0
16 01084 0
16 01085 0
16 01086 0
16 01087 0
16 01088 0
16 01089 0
16 01090 0
16 01091 0
16 01092 0
16 01093 0
16 01094 0
16 01095 0
16 01096 0
16 01097 0
16 01098 0
16 01099 0
16 01100 0
16 01101 0
16 01102 0
16 01103 0
16 01104 0
16 01105 0
16 01106 0
16 01107 0
16 01108 0
16 01109 0
16 01110 0
16 01111 0
16 01112 0
16 01113 0
16 01114 0
16 01115 0
16 01116 0
16 01117 0
16 01118 0
16 01119 0
16 01120 0
16 01121 0
16 01122 0
16 01123 0
16 01124 0
16 01125 0
16 01126 0
16 01127 0
16 01128 0
16 01129 0
16 01130 0
16 01131 0
16 01132 0
16 01133 0
16 01134 0
16 01135 0
16 01136 0
16 01137 0
16 01138 0
16 01139 0
16 01140 0
16 01141 0
16 01142 0
16 01143 0
16 01144 0
16 01145 0
16 01146 0
16 01147 0
16 01148 0
16 01149 0
16 01150 0
16 01151 0
16 01152 0
16 01153 0
16 01154 0
16 01155 0
16 01156 0
16 01157 0
16 01158 0
16 01159 0
16 01160 0
16 01161 0
16 01162 0
16 01163 0
16 01164 0
16 01165 0
16 01166 0
16 01167 0
16 01168 0
16 01169 0
16 01170 0
16 01171 0
16 01172 0
16 01173 0
16 01174 0
16 01175 0
16 01176 0
16 01177 0
16 01178 0
16 01179 0
16 01180 0
16 01181 0
16 01182 0
16 01183 0
16 01184 0
16 01185 0
16 01186 0
16 01187 0
16 01188 0
16 01189 0
16 01190 0
16 01191 0
16 01192 0
16 01193 0
16 01194 0
